0,A,0,0,160
1,A,160,128,160
2,A,320,256,249
3,A,569,384,188
4,A,757,512,204
5,A,961,640,197
6,A,1158,768,196
7,A,1354,896,176
8,A,1530,1024,183
9,A,1713,1152,185
10,A,1898,1280,179
11,A,2077,1408,168
12,A,2245,1536,177
13,A,2422,1664,186
14,A,2608,1792,177
15,A,2785,1920,157
16,A,2942,2048,151
17,A,3093,2176,155
18,A,3248,2304,148
19,A,3396,2432,159
20,A,3555,2560,151
21,A,3706,2688,165
22,A,3871,2816,166
23,A,4037,2944,164
24,A,4201,3072,157
25,A,4358,3200,157
26,A,4515,3328,146
27,A,4661,3456,143
28,A,4804,3584,144
29,A,4948,3712,155
30,A,5103,3840,160
31,A,5263,3968,142
32,A,5405,4096,144
33,A,5549,4224,161
34,A,5710,4352,157
35,A,5867,4480,147
36,A,6014,4608,144
37,A,6158,4736,155
38,A,6313,4864,151
39,A,6464,4992,138
40,A,6602,5120,156
41,A,6758,5248,159
42,A,6917,5376,136
43,A,7053,5504,139
44,A,7192,5632,171
45,A,7363,5760,157
46,A,7520,5888,150
47,A,7670,6016,148
48,A,7818,6144,144
49,A,7962,6272,167
50,A,8129,6400,176
51,A,8305,6528,176
52,A,8481,6656,15
53,A,8496,6784,145
54,A,8641,6912,174
55,A,8815,7040,157
56,A,8972,7168,219
57,A,9191,7296,184
58,A,9375,7424,198
59,A,9573,7552,260
60,A,9833,7680,150
61,A,9983,7808,160
62,A,10143,7936,156
63,A,10299,8064,173
64,A,10472,8192,165
65,A,10637,8320,192
66,A,10829,8448,192
67,A,11021,8576,161
68,A,11182,8704,161
69,A,11343,8832,157
70,A,11500,8960,162
71,A,11662,9088,167
72,A,11829,9216,140
73,A,11969,9344,147
74,A,12116,9472,148
75,A,12264,9600,165
76,A,12429,9728,179
77,A,12608,9856,202
78,A,12810,9984,140
79,A,12950,10112,152
80,A,13102,10240,175
81,A,13277,10368,158
82,A,13435,10496,156
83,A,13591,10624,166
84,A,13757,10752,168
85,A,13925,10880,145
86,A,14070,11008,157
87,A,14227,11136,162
88,A,14389,11264,192
89,A,14581,11392,125
90,A,14706,11520,144
91,A,14850,11648,138
92,A,14988,11776,153
93,A,15141,11904,151
94,A,15292,12032,141
95,A,15433,12160,154
96,A,15587,12288,178
97,A,15765,12416,145
98,A,15910,12544,152
99,A,16062,12672,197
100,A,16259,12800,146
101,A,16405,12928,163
102,A,16568,13056,136
103,A,16704,13184,162
104,A,16866,13312,178
105,A,17044,13440,154
106,A,17198,13568,146
107,A,17344,13696,153
108,A,17497,13824,180
109,A,17677,13952,171
110,A,17848,14080,210
111,A,18058,14208,155
112,A,18213,14336,147
113,A,18360,14464,144
114,A,18504,14592,199
115,A,18703,14720,176
116,A,18879,14848,189
117,A,19068,14976,168
118,A,19236,15104,159
119,A,19395,15232,154
120,A,19549,15360,165
121,A,19714,15488,180
122,A,19894,15616,166
123,A,20060,15744,166
124,A,20226,15872,150
125,A,20376,16000,161
126,A,20537,16128,158
127,A,20695,16256,162
128,A,20857,16384,188
129,A,21045,16512,159
130,A,21204,16640,176
131,A,21380,16768,169
132,A,21549,16896,171
133,A,21720,17024,132
134,A,21852,17152,151
135,A,22003,17280,137
136,A,22140,17408,156
137,A,22296,17536,137
138,A,22433,17664,150
139,A,22583,17792,145
140,A,22728,17920,136
141,A,22864,18048,151
142,A,23015,18176,145
143,A,23160,18304,179
144,A,23339,18432,144
145,A,23483,18560,197
146,A,23680,18688,154
147,A,23834,18816,160
148,A,23994,18944,147
149,A,24141,19072,182
150,A,24323,19200,158
151,A,24481,19328,184
152,A,24665,19456,164
153,A,24829,19584,157
154,A,24986,19712,152
155,A,25138,19840,138
156,A,25276,19968,150
157,A,25426,20096,135
158,A,25561,20224,148
159,A,25709,20352,157
160,A,25866,20480,172
161,A,26038,20608,165
162,A,26203,20736,150
163,A,26353,20864,152
164,A,26505,20992,140
165,A,26645,21120,159
166,A,26804,21248,164
167,A,26968,21376,153
168,A,27121,21504,158
169,A,27279,21632,154
170,A,27433,21760,141
171,A,27574,21888,161
172,A,27735,22016,144
173,A,27879,22144,166
174,A,28045,22272,149
175,A,28194,22400,171
176,A,28365,22528,162
177,A,28527,22656,164
178,A,28691,22784,143
179,A,28834,22912,138
180,A,28972,23040,151
181,A,29123,23168,163
182,A,29286,23296,159
183,A,29445,23424,178
184,A,29623,23552,143
185,A,29766,23680,147
186,A,29913,23808,151
187,A,30064,23936,138
188,A,30202,24064,148
189,A,30350,24192,145
190,A,30495,24320,161
191,A,30656,24448,158
192,A,30814,24576,164
193,A,30978,24704,174
194,A,31152,24832,221
195,A,31373,24960,173
196,A,31546,25088,181
197,A,31727,25216,187
198,A,31914,25344,164
199,A,32078,25472,156
200,A,32234,25600,153
201,A,32387,25728,158
202,A,32545,25856,171
203,A,32716,25984,157
204,A,32873,26112,150
205,A,33023,26240,174
206,A,33197,26368,178
207,A,33375,26496,199
208,A,33574,26624,142
209,A,33716,26752,143
210,A,33859,26880,177
211,A,34036,27008,142
212,A,34178,27136,181
213,A,34359,27264,199
214,A,34558,27392,187
215,A,34745,27520,143
216,A,34888,27648,163
217,A,35051,27776,157
218,A,35208,27904,145
219,A,35353,28032,130
220,A,35483,28160,170
221,A,35653,28288,182
222,A,35835,28416,165
223,A,36000,28544,184
224,A,36184,28672,189
225,A,36373,28800,184
226,A,36557,28928,174
227,A,36731,29056,144
228,A,36875,29184,140
229,A,37015,29312,144
230,A,37159,29440,151
231,A,37310,29568,158
232,A,37468,29696,157
233,A,37625,29824,171
234,A,37796,29952,150
235,A,37946,30080,146
236,A,38092,30208,139
237,A,38231,30336,168
238,A,38399,30464,208
239,A,38607,30592,144
240,A,38751,30720,162
241,A,38913,30848,175
242,A,39088,30976,173
243,A,39261,31104,170
244,A,39431,31232,163
245,A,39594,31360,141
246,A,39735,31488,161
247,A,39896,31616,166
248,A,40062,31744,168
249,A,40230,31872,151
250,A,40381,32000,204
251,A,40585,32128,173
252,A,40758,32256,154
253,A,40912,32384,147
254,A,41059,32512,145
255,A,41204,32640,148
256,A,41352,32768,148
257,A,41500,32896,155
258,A,41655,33024,147
259,A,41802,33152,146
260,A,41948,33280,153
261,A,42101,33408,167
262,A,42268,33536,169
263,A,42437,33664,151
264,A,42588,33792,157
265,A,42745,33920,149
266,A,42894,34048,160
267,A,43054,34176,154
268,A,43208,34304,154
269,A,43362,34432,138
270,A,43500,34560,143
271,A,43643,34688,152
272,A,43795,34816,159
273,A,43954,34944,139
274,A,44093,35072,148
275,A,44241,35200,160
276,A,44401,35328,162
277,A,44563,35456,177
278,A,44740,35584,167
279,A,44907,35712,156
280,A,45063,35840,144
281,A,45207,35968,201
282,A,45408,36096,144
283,A,45552,36224,155
284,A,45707,36352,148
285,A,45855,36480,144
286,A,45999,36608,172
287,A,46171,36736,170
288,A,46341,36864,149
289,A,46490,36992,177
290,A,46667,37120,178
291,A,46845,37248,194
292,A,47039,37376,177
293,A,47216,37504,140
294,A,47356,37632,166
295,A,47522,37760,181
296,A,47703,37888,195
297,A,47898,38016,161
298,A,48059,38144,148
299,A,48207,38272,141
300,A,48348,38400,131
301,A,48479,38528,201
302,A,48680,38656,160
303,A,48840,38784,157
304,A,48997,38912,171
305,A,49168,39040,172
306,A,49340,39168,187
307,A,49527,39296,160
308,A,49687,39424,154
309,A,49841,39552,157
310,A,49998,39680,156
311,A,50154,39808,155
312,A,50309,39936,136
313,A,50445,40064,157
314,A,50602,40192,171
315,A,50773,40320,145
316,A,50918,40448,146
317,A,51064,40576,171
318,A,51235,40704,162
319,A,51397,40832,175
320,A,51572,40960,130
321,A,51702,41088,171
322,A,51873,41216,166
323,A,52039,41344,170
324,A,52209,41472,151
325,A,52360,41600,158
326,A,52518,41728,134
327,A,52652,41856,168
328,A,52820,41984,151
329,A,52971,42112,150
330,A,53121,42240,149
331,A,53270,42368,173
332,A,53443,42496,166
333,A,53609,42624,184
334,A,53793,42752,172
335,A,53965,42880,158
336,A,54123,43008,164
337,A,54287,43136,172
338,A,54459,43264,194
339,A,54653,43392,140
340,A,54793,43520,139
341,A,54932,43648,144
342,A,55076,43776,170
343,A,55246,43904,169
344,A,55415,44032,147
345,A,55562,44160,142
346,A,55704,44288,142
347,A,55846,44416,139
348,A,55985,44544,160
349,A,56145,44672,155
350,A,56300,44800,153
351,A,56453,44928,157
352,A,56610,45056,158
353,A,56768,45184,162
354,A,56930,45312,154
355,A,57084,45440,152
356,A,57236,45568,141
357,A,57377,45696,163
358,A,57540,45824,148
359,A,57688,45952,178
360,A,57866,46080,166
361,A,58032,46208,168
362,A,58200,46336,160
363,A,58360,46464,155
364,A,58515,46592,144
365,A,58659,46720,162
366,A,58821,46848,167
367,A,58988,46976,166
368,A,59154,47104,158
369,A,59312,47232,158
370,A,59470,47360,138
371,A,59608,47488,166
372,A,59774,47616,165
373,A,59939,47744,143
374,A,60082,47872,127
375,A,60209,48000,163
376,A,60372,48128,141
377,A,60513,48256,166
378,A,60679,48384,161
379,A,60840,48512,174
380,A,61014,48640,167
381,A,61181,48768,174
382,A,61355,48896,154
383,A,61509,49024,143
384,A,61652,49152,155
385,A,61807,49280,158
386,A,61965,49408,143
387,A,62108,49536,156
388,A,62264,49664,161
389,A,62425,49792,161
390,A,62586,49920,143
391,A,62729,50048,144
392,A,62873,50176,176
393,A,63049,50304,153
394,A,63202,50432,150
395,A,63352,50560,131
396,A,63483,50688,149
397,A,63632,50816,194
398,A,63826,50944,162
399,A,63988,51072,166
400,A,64154,51200,180
401,A,64334,51328,168
402,A,64502,51456,156
403,A,64658,51584,176
404,A,64834,51712,157
405,A,64991,51840,164
406,A,65155,51968,173
407,A,65328,52096,200
408,A,65528,52224,157
409,A,65685,52352,158
410,A,65843,52480,163
411,A,66006,52608,168
412,A,66174,52736,156
413,A,66330,52864,168
414,A,66498,52992,151
415,A,66649,53120,181
416,A,66830,53248,143
417,A,66973,53376,142
418,A,67115,53504,167
419,A,67282,53632,161
420,A,67443,53760,170
421,A,67613,53888,167
422,A,67780,54016,153
423,A,67933,54144,158
424,A,68091,54272,160
425,A,68251,54400,167
426,A,68418,54528,157
427,A,68575,54656,162
428,A,68737,54784,194
429,A,68931,54912,165
430,A,69096,55040,141
431,A,69237,55168,132
432,A,69369,55296,162
433,A,69531,55424,148
434,A,69679,55552,156
435,A,69835,55680,172
436,A,70007,55808,160
437,A,70167,55936,143
438,A,70310,56064,161
439,A,70471,56192,156
440,A,70627,56320,156
441,A,70783,56448,146
442,A,70929,56576,157
443,A,71086,56704,156
444,A,71242,56832,166
445,A,71408,56960,166
446,A,71574,57088,167
447,A,71741,57216,147
448,A,71888,57344,185
449,A,72073,57472,171
450,A,72244,57600,191
451,A,72435,57728,141
452,A,72576,57856,158
453,A,72734,57984,162
454,A,72896,58112,202
455,A,73098,58240,159
456,A,73257,58368,140
457,A,73397,58496,130
458,A,73527,58624,149
459,A,73676,58752,163
460,A,73839,58880,157
461,A,73996,59008,154
462,A,74150,59136,170
463,A,74320,59264,162
464,A,74482,59392,148
465,A,74630,59520,148
466,A,74778,59648,142
467,A,74920,59776,160
468,A,75080,59904,152
469,A,75232,60032,152
470,A,75384,60160,158
471,A,75542,60288,138
472,A,75680,60416,163
473,A,75843,60544,143
474,A,75986,60672,180
475,A,76166,60800,163
476,A,76329,60928,160
477,A,76489,61056,155
478,A,76644,61184,173
479,A,76817,61312,178
480,A,76995,61440,171
481,A,77166,61568,180
482,A,77346,61696,203
483,A,77549,61824,166
484,A,77715,61952,166
485,A,77881,62080,147
486,A,78028,62208,167
487,A,78195,62336,171
488,A,78366,62464,148
489,A,78514,62592,180
490,A,78694,62720,149
491,A,78843,62848,148
492,A,78991,62976,149
493,A,79140,63104,170
494,A,79310,63232,154
495,A,79464,63360,157
496,A,79621,63488,155
497,A,79776,63616,162
498,A,79938,63744,142
499,A,80080,63872,147
500,A,80227,64000,150
501,A,80377,64128,158
502,A,80535,64256,163
503,A,80698,64384,164
504,A,80862,64512,157
505,A,81019,64640,169
506,A,81188,64768,174
507,A,81362,64896,157
508,A,81519,65024,158
509,A,81677,65152,184
510,A,81861,65280,157
511,A,82018,65408,143
512,A,82161,65536,168
513,A,82329,65664,141
514,A,82470,65792,161
515,A,82631,65920,195
516,A,82826,66048,159
517,A,82985,66176,157
518,A,83142,66304,162
519,A,83304,66432,145
520,A,83449,66560,174
521,A,83623,66688,152
522,A,83775,66816,166
523,A,83941,66944,158
524,A,84099,67072,154
525,A,84253,67200,163
526,A,84416,67328,175
527,A,84591,67456,186
528,A,84777,67584,149
529,A,84926,67712,146
530,A,85072,67840,156
531,A,85228,67968,135
532,A,85363,68096,156
533,A,85519,68224,164
534,A,85683,68352,168
535,A,85851,68480,160
536,A,86011,68608,156
537,A,86167,68736,173
538,A,86340,68864,158
539,A,86498,68992,149
540,A,86647,69120,129
541,A,86776,69248,162
542,A,86938,69376,145
543,A,87083,69504,162
544,A,87245,69632,149
545,A,87394,69760,180
546,A,87574,69888,161
547,A,87735,70016,155
548,A,87890,70144,152
549,A,88042,70272,153
550,A,88195,70400,146
551,A,88341,70528,173
552,A,88514,70656,222
553,A,88736,70784,144
554,A,88880,70912,148
555,A,89028,71040,149
556,A,89177,71168,148
557,A,89325,71296,152
558,A,89477,71424,149
559,A,89626,71552,174
560,A,89800,71680,169
561,A,89969,71808,189
562,A,90158,71936,157
563,A,90315,72064,160
564,A,90475,72192,165
565,A,90640,72320,175
566,A,90815,72448,139
567,A,90954,72576,137
568,A,91091,72704,160
569,A,91251,72832,169
570,A,91420,72960,151
571,A,91571,73088,167
572,A,91738,73216,172
573,A,91910,73344,172
574,A,92082,73472,162
575,A,92244,73600,161
576,A,92405,73728,168
577,A,92573,73856,166
578,A,92739,73984,176
579,A,92915,74112,161
580,A,93076,74240,207
581,A,93283,74368,152
582,A,93435,74496,154
583,A,93589,74624,154
584,A,93743,74752,160
585,A,93903,74880,145
586,A,94048,75008,167
587,A,94215,75136,154
588,A,94369,75264,157
589,A,94526,75392,169
590,A,94695,75520,163
591,A,94858,75648,188
592,A,95046,75776,167
593,A,95213,75904,162
594,A,95375,76032,139
595,A,95514,76160,132
596,A,95646,76288,160
597,A,95806,76416,159
598,A,95965,76544,161
599,A,96126,76672,168
600,A,96294,76800,156
601,A,96450,76928,153
602,A,96603,77056,149
603,A,96752,77184,192
604,A,96944,77312,194
605,A,97138,77440,163
606,A,97301,77568,169
607,A,97470,77696,136
608,A,97606,77824,149
609,A,97755,77952,156
610,A,97911,78080,176
611,A,98087,78208,163
612,A,98250,78336,170
613,A,98420,78464,191
614,A,98611,78592,143
615,A,98754,78720,156
616,A,98910,78848,164
617,A,99074,78976,153
618,A,99227,79104,149
619,A,99376,79232,152
620,A,99528,79360,143
621,A,99671,79488,152
622,A,99823,79616,156
623,A,99979,79744,190
624,A,100169,79872,147
625,A,100316,80000,153
626,A,100469,80128,150
627,A,100619,80256,167
628,A,100786,80384,182
629,A,100968,80512,163
630,A,101131,80640,167
631,A,101298,80768,163
632,A,101461,80896,173
633,A,101634,81024,149
634,A,101783,81152,169
635,A,101952,81280,160
636,A,102112,81408,157
637,A,102269,81536,147
638,A,102416,81664,160
639,A,102576,81792,154
640,A,102730,81920,204
641,A,102934,82048,141
642,A,103075,82176,137
643,A,103212,82304,139
644,A,103351,82432,162
645,A,103513,82560,155
646,A,103668,82688,157
647,A,103825,82816,155
648,A,103980,82944,148
649,A,104128,83072,164
650,A,104292,83200,152
651,A,104444,83328,159
652,A,104603,83456,150
653,A,104753,83584,174
654,A,104927,83712,173
655,A,105100,83840,171
656,A,105271,83968,157
657,A,105428,84096,169
658,A,105597,84224,178
659,A,105775,84352,158
660,A,105933,84480,187
661,A,106120,84608,142
662,A,106262,84736,142
663,A,106404,84864,147
664,A,106551,84992,139
665,A,106690,85120,161
666,A,106851,85248,158
667,A,107009,85376,148
668,A,107157,85504,159
669,A,107316,85632,175
670,A,107491,85760,165
671,A,107656,85888,169
672,A,107825,86016,159
673,A,107984,86144,145
674,A,108129,86272,160
675,A,108289,86400,170
676,A,108459,86528,165
677,A,108624,86656,154
678,A,108778,86784,171
679,A,108949,86912,148
680,A,109097,87040,159
681,A,109256,87168,175
682,A,109431,87296,175
683,A,109606,87424,140
684,A,109746,87552,151
685,A,109897,87680,143
686,A,110040,87808,156
687,A,110196,87936,161
688,A,110357,88064,173
689,A,110530,88192,155
690,A,110685,88320,160
691,A,110845,88448,182
692,A,111027,88576,150
693,A,111177,88704,156
694,A,111333,88832,171
695,A,111504,88960,144
696,A,111648,89088,142
697,A,111790,89216,172
698,A,111962,89344,165
699,A,112127,89472,148
700,A,112275,89600,157
701,A,112432,89728,161
702,A,112593,89856,165
703,A,112758,89984,161
704,A,112919,90112,154
705,A,113073,90240,169
706,A,113242,90368,202
707,A,113444,90496,156
708,A,113600,90624,169
709,A,113769,90752,178
710,A,113947,90880,155
711,A,114102,91008,150
712,A,114252,91136,155
713,A,114407,91264,163
714,A,114570,91392,169
715,A,114739,91520,175
716,A,114914,91648,154
717,A,115068,91776,148
718,A,115216,91904,155
719,A,115371,92032,161
720,A,115532,92160,183
721,A,115715,92288,158
722,A,115873,92416,156
723,A,116029,92544,141
724,A,116170,92672,156
725,A,116326,92800,153
726,A,116479,92928,158
727,A,116637,93056,152
728,A,116789,93184,147
729,A,116936,93312,158
730,A,117094,93440,161
731,A,117255,93568,169
732,A,117424,93696,161
733,A,117585,93824,158
734,A,117743,93952,158
735,A,117901,94080,163
736,A,118064,94208,156
737,A,118220,94336,166
738,A,118386,94464,178
739,A,118564,94592,157
740,A,118721,94720,152
741,A,118873,94848,148
742,A,119021,94976,147
743,A,119168,95104,143
744,A,119311,95232,154
745,A,119465,95360,169
746,A,119634,95488,135
747,A,119769,95616,145
748,A,119914,95744,157
749,A,120071,95872,154
750,A,120225,96000,167
751,A,120392,96128,155
752,A,120547,96256,158
753,A,120705,96384,195
754,A,120900,96512,141
755,A,121041,96640,148
756,A,121189,96768,160
757,A,121349,96896,170
758,A,121519,97024,155
759,A,121674,97152,156
760,A,121830,97280,153
761,A,121983,97408,140
762,A,122123,97536,164
763,A,122287,97664,149
764,A,122436,97792,152
765,A,122588,97920,145
766,A,122733,98048,174
767,A,122907,98176,153
768,A,123060,98304,154
769,A,123214,98432,156
770,A,123370,98560,171
771,A,123541,98688,142
772,A,123683,98816,168
773,A,123851,98944,162
774,A,124013,99072,165
775,A,124178,99200,174
776,A,124352,99328,176
777,A,124528,99456,158
778,A,124686,99584,144
779,A,124830,99712,156
780,A,124986,99840,152
781,A,125138,99968,169
782,A,125307,100096,169
783,A,125476,100224,168
784,A,125644,100352,165
785,A,125809,100480,164
786,A,125973,100608,150
787,A,126123,100736,162
788,A,126285,100864,145
789,A,126430,100992,167
790,A,126597,101120,190
791,A,126787,101248,180
792,A,126967,101376,164
793,A,127131,101504,162
794,A,127293,101632,150
795,A,127443,101760,180
796,A,127623,101888,151
797,A,127774,102016,155
798,A,127929,102144,143
799,A,128072,102272,157
800,A,128229,102400,153
801,A,128382,102528,167
802,A,128549,102656,136
803,A,128685,102784,154
804,A,128839,102912,187
805,A,129026,103040,147
806,A,129173,103168,145
807,A,129318,103296,167
808,A,129485,103424,165
809,A,129650,103552,234
810,A,129884,103680,151
811,A,130035,103808,163
812,A,130198,103936,187
813,A,130385,104064,151
814,A,130536,104192,153
815,A,130689,104320,148
816,A,130837,104448,156
817,A,130993,104576,146
818,A,131139,104704,158
819,A,131297,104832,141
820,A,131438,104960,144
821,A,131582,105088,150
822,A,131732,105216,149
823,A,131881,105344,168
824,A,132049,105472,178
825,A,132227,105600,178
826,A,132405,105728,209
827,A,132614,105856,160
828,A,132774,105984,154
829,A,132928,106112,147
830,A,133075,106240,155
831,A,133230,106368,167
832,A,133397,106496,134
833,A,133531,106624,160
834,A,133691,106752,195
835,A,133886,106880,152
836,A,134038,107008,201
837,A,134239,107136,157
838,A,134396,107264,177
839,A,134573,107392,142
840,A,134715,107520,154
841,A,134869,107648,146
842,A,135015,107776,177
843,A,135192,107904,173
844,A,135365,108032,187
845,A,135552,108160,149
846,A,135701,108288,197
847,A,135898,108416,147
848,A,136045,108544,171
849,A,136216,108672,183
850,A,136399,108800,165
851,A,136564,108928,161
852,A,136725,109056,152
853,A,136877,109184,139
854,A,137016,109312,151
855,A,137167,109440,203
856,A,137370,109568,139
857,A,137509,109696,142
858,A,137651,109824,160
859,A,137811,109952,152
860,A,137963,110080,164
861,A,138127,110208,147
862,A,138274,110336,171
863,A,138445,110464,169
864,A,138614,110592,167
865,A,138781,110720,187
866,A,138968,110848,153
867,A,139121,110976,170
868,A,139291,111104,146
869,A,139437,111232,142
870,A,139579,111360,161
871,A,139740,111488,157
872,A,139897,111616,167
873,A,140064,111744,165
874,A,140229,111872,163
875,A,140392,112000,164
876,A,140556,112128,187
877,A,140743,112256,155
878,A,140898,112384,148
879,A,141046,112512,130
880,A,141176,112640,166
881,A,141342,112768,138
882,A,141480,112896,153
883,A,141633,113024,144
884,A,141777,113152,174
885,A,141951,113280,144
886,A,142095,113408,179
887,A,142274,113536,161
888,A,142435,113664,161
889,A,142596,113792,153
890,A,142749,113920,163
891,A,142912,114048,133
892,A,143045,114176,171
893,A,143216,114304,159
894,A,143375,114432,159
895,A,143534,114560,160
896,A,143694,114688,171
897,A,143865,114816,226
898,A,144091,114944,152
899,A,144243,115072,147
900,A,144390,115200,153
901,A,144543,115328,142
902,A,144685,115456,169
903,A,144854,115584,204
904,A,145058,115712,162
905,A,145220,115840,174
906,A,145394,115968,158
907,A,145552,116096,152
908,A,145704,116224,141
909,A,145845,116352,140
910,A,145985,116480,167
911,A,146152,116608,141
912,A,146293,116736,159
913,A,146452,116864,176
914,A,146628,116992,188
915,A,146816,117120,141
916,A,146957,117248,173
917,A,147130,117376,174
918,A,147304,117504,161
919,A,147465,117632,150
920,A,147615,117760,161
921,A,147776,117888,169
922,A,147945,118016,161
923,A,148106,118144,165
924,A,148271,118272,153
925,A,148424,118400,158
926,A,148582,118528,171
927,A,148753,118656,175
928,A,148928,118784,174
929,A,149102,118912,153
930,A,149255,119040,169
931,A,149424,119168,148
932,A,149572,119296,152
933,A,149724,119424,161
934,A,149885,119552,137
935,A,150022,119680,151
936,A,150173,119808,200
937,A,150373,119936,182
938,A,150555,120064,144
939,A,150699,120192,152
940,A,150851,120320,174
941,A,151025,120448,149
942,A,151174,120576,142
943,A,151316,120704,157
944,A,151473,120832,150
945,A,151623,120960,146
946,A,151769,121088,158
947,A,151927,121216,161
948,A,152088,121344,156
949,A,152244,121472,147
950,A,152391,121600,186
951,A,152577,121728,153
952,A,152730,121856,200
953,A,152930,121984,160
954,A,153090,122112,135
955,A,153225,122240,153
956,A,153378,122368,163
957,A,153541,122496,146
958,A,153687,122624,154
959,A,153841,122752,149
960,A,153990,122880,171
961,A,154161,123008,163
962,A,154324,123136,153
963,A,154477,123264,191
964,A,154668,123392,146
965,A,154814,123520,142
966,A,154956,123648,163
967,A,155119,123776,164
968,A,155283,123904,147
969,A,155430,124032,154
970,A,155584,124160,173
971,A,155757,124288,163
972,A,155920,124416,160
973,A,156080,124544,159
974,A,156239,124672,181
975,A,156420,124800,165
976,A,156585,124928,142
977,A,156727,125056,160
978,A,156887,125184,141
979,A,157028,125312,160
980,A,157188,125440,159
981,A,157347,125568,149
982,A,157496,125696,146
983,A,157642,125824,157
984,A,157799,125952,163
985,A,157962,126080,164
986,A,158126,126208,160
987,A,158286,126336,192
988,A,158478,126464,161
989,A,158639,126592,159
990,A,158798,126720,176
991,A,158974,126848,159
992,A,159133,126976,174
993,A,159307,127104,143
994,A,159450,127232,162
995,A,159612,127360,155
996,A,159767,127488,169
997,A,159936,127616,163
998,A,160099,127744,163
999,A,160262,127872,161
1000,A,160423,128000,190
1001,A,160613,128128,155
1002,A,160768,128256,164
1003,A,160932,128384,165
1004,A,161097,128512,178
1005,A,161275,128640,162
1006,A,161437,128768,151
1007,A,161588,128896,185
1008,A,161773,129024,151
1009,A,161924,129152,156
1010,A,162080,129280,155
1011,A,162235,129408,153
1012,A,162388,129536,156
1013,A,162544,129664,159
1014,A,162703,129792,172
1015,A,162875,129920,157
1016,A,163032,130048,157
1017,A,163189,130176,183
1018,A,163372,130304,147
1019,A,163519,130432,158
1020,A,163677,130560,167
1021,A,163844,130688,155
1022,A,163999,130816,153
1023,A,164152,130944,158
1024,A,164310,131072,147
1025,A,164457,131200,164
1026,A,164621,131328,137
1027,A,164758,131456,164
1028,A,164922,131584,161
1029,A,165083,131712,173
1030,A,165256,131840,210
1031,A,165466,131968,15
