0,I,0,0,6599
1,P,6599,40,921
2,P,7520,80,1815
3,P,9335,120,1934
4,P,11269,160,1443
5,P,12712,200,2092
6,P,14804,240,1365
7,P,16169,280,2025
8,P,18194,320,1079
9,P,19273,360,1550
10,P,20823,400,629
11,P,21452,440,784
12,P,22236,480,1382
13,P,23618,520,1013
14,P,24631,560,928
15,P,25559,600,1757
16,P,27316,640,1187
17,P,28503,680,1199
18,P,29702,720,2466
19,P,32168,760,1300
20,P,33468,800,1284
21,P,34752,840,1476
22,P,36228,880,872
23,P,37100,920,649
24,P,37749,960,1203
25,P,38952,1000,1060
26,P,40012,1040,1520
27,P,41532,1080,1135
28,P,42667,1120,1537
29,P,44204,1160,1115
30,P,45319,1200,1893
31,P,47212,1240,1804
32,P,49016,1280,1164
33,P,50180,1320,1045
34,P,51225,1360,1372
35,P,52597,1400,895
36,P,53492,1440,977
37,P,54469,1480,1522
38,P,55991,1520,784
39,P,56775,1560,681
40,P,57456,1600,3970
41,P,61426,1640,2188
42,P,63614,1680,1598
43,P,65212,1720,1716
44,P,66928,1760,2328
45,P,69256,1800,1360
46,P,70616,1840,670
47,P,71286,1880,715
48,P,72001,1920,524
49,P,72525,1960,578
50,I,73103,2000,6956
51,P,80059,2040,944
52,P,81003,2080,1292
53,P,82295,2120,2373
54,P,84668,2160,1414
55,P,86082,2200,1623
56,P,87705,2240,3224
57,P,90929,2280,117
58,P,91046,2320,99
59,P,91145,2360,104
60,P,91249,2400,138
61,P,91387,2440,813
62,P,92200,2480,734
63,P,92934,2520,898
64,P,93832,2560,1527
65,P,95359,2600,612
66,P,95971,2640,836
67,P,96807,2680,1428
68,P,98235,2720,2206
69,P,100441,2760,1598
70,P,102039,2800,2467
71,P,104506,2840,1395
72,P,105901,2880,1302
73,P,107203,2920,857
74,P,108060,2960,595
75,P,108655,3000,651
76,P,109306,3040,1073
77,P,110379,3080,982
78,P,111361,3120,1085
79,P,112446,3160,1122
80,P,113568,3200,1640
81,P,115208,3240,1354
82,P,116562,3280,1436
83,P,117998,3320,1962
84,P,119960,3360,1119
85,P,121079,3400,1221
86,P,122300,3440,1481
87,P,123781,3480,607
88,P,124388,3520,491
89,P,124879,3560,1074
90,P,125953,3600,1136
91,P,127089,3640,1579
92,P,128668,3680,1274
93,P,129942,3720,5393
94,P,135335,3760,1027
95,P,136362,3800,614
96,P,136976,3840,580
97,P,137556,3880,683
98,P,138239,3920,975
99,P,139214,3960,998
100,I,140212,4000,6939
101,P,147151,4040,801
102,P,147952,4080,2052
103,P,150004,4120,1161
104,P,151165,4160,1122
105,P,152287,4200,1947
106,P,154234,4240,615
107,P,154849,4280,395
108,P,155244,4320,956
109,P,156200,4360,1715
110,P,157915,4400,1070
111,P,158985,4440,1862
112,P,160847,4480,1150
113,P,161997,4520,1494
114,P,163491,4560,1100
115,P,164591,4600,1718
116,P,166309,4640,1053
117,P,167362,4680,1557
118,P,168919,4720,1275
119,P,170194,4760,668
120,P,170862,4800,889
121,P,171751,4840,1627
122,P,173378,4880,771
123,P,174149,4920,896
124,P,175045,4960,1657
125,P,176702,5000,863
126,P,177565,5040,875
127,P,178440,5080,1291
128,P,179731,5120,1094
129,P,180825,5160,1320
130,P,182145,5200,1649
131,P,183794,5240,2222
132,P,186016,5280,1501
133,P,187517,5320,770
134,P,188287,5360,1167
135,P,189454,5400,611
136,P,190065,5440,823
137,P,190888,5480,1028
138,P,191916,5520,1170
139,P,193086,5560,1503
140,P,194589,5600,1957
141,P,196546,5640,1403
142,P,197949,5680,1210
143,P,199159,5720,1865
144,P,201024,5760,705
145,P,201729,5800,631
146,P,202360,5840,888
147,P,203248,5880,957
148,P,204205,5920,872
149,P,205077,5960,129
150,I,205206,6000,2245
151,P,207451,6040,75
152,P,207526,6080,71
153,P,207597,6120,83
154,P,207680,6160,111
155,P,207791,6200,32
156,P,207823,6240,76
157,P,207899,6280,83
158,P,207982,6320,96
159,P,208078,6360,98
160,P,208176,6400,94
161,P,208270,6440,2224
162,P,210494,6480,2094
163,P,212588,6520,2193
164,P,214781,6560,1771
165,P,216552,6600,2010
166,P,218562,6640,1386
167,P,219948,6680,1788
168,P,221736,6720,1923
169,P,223659,6760,1367
170,P,225026,6800,1503
171,P,226529,6840,1809
172,P,228338,6880,1321
173,P,229659,6920,1823
174,P,231482,6960,1952
175,P,233434,7000,1241
176,P,234675,7040,1707
177,P,236382,7080,2010
178,P,238392,7120,1468
179,P,239860,7160,1705
180,P,241565,7200,2627
181,P,244192,7240,1496
182,P,245688,7280,2188
183,P,247876,7320,2425
184,P,250301,7360,1436
185,P,251737,7400,2167
186,P,253904,7440,1838
187,P,255742,7480,953
188,P,256695,7520,1605
189,P,258300,7560,2031
190,P,260331,7600,1127
191,P,261458,7640,1731
192,P,263189,7680,1901
193,P,265090,7720,1243
194,P,266333,7760,1429
195,P,267762,7800,1540
196,P,269302,7840,1144
197,P,270446,7880,841
198,P,271287,7920,947
199,P,272234,7960,570
200,I,272804,8000,7545
201,P,280349,8040,5688
202,P,286037,8080,969
203,P,287006,8120,1430
204,P,288436,8160,668
205,P,289104,8200,812
206,P,289916,8240,479
207,P,290395,8280,599
208,P,290994,8320,830
209,P,291824,8360,337
210,P,292161,8400,479
211,P,292640,8440,816
212,P,293456,8480,319
213,P,293775,8520,833
214,P,294608,8560,1427
215,P,296035,8600,770
216,P,296805,8640,907
217,P,297712,8680,986
218,P,298698,8720,451
219,P,299149,8760,547
220,P,299696,8800,695
221,P,300391,8840,414
222,P,300805,8880,8916
223,P,309721,8920,958
224,P,310679,8960,1223
225,P,311902,9000,1063
226,P,312965,9040,1149
227,P,314114,9080,1172
228,P,315286,9120,1092
229,P,316378,9160,1081
230,P,317459,9200,1123
231,P,318582,9240,1125
232,P,319707,9280,1322
233,P,321029,9320,1217
234,P,322246,9360,1223
235,P,323469,9400,1179
236,P,324648,9440,1080
237,P,325728,9480,1197
238,P,326925,9520,1370
239,P,328295,9560,1332
240,P,329627,9600,1208
241,P,330835,9640,1327
242,P,332162,9680,1344
243,P,333506,9720,1070
244,P,334576,9760,1275
245,P,335851,9800,1275
246,P,337126,9840,951
247,P,338077,9880,1032
248,P,339109,9920,955
249,P,340064,9960,633
250,I,340697,10000,7148
251,P,347845,10040,5749
252,P,353594,10080,1218
253,P,354812,10120,1579
254,P,356391,10160,1731
255,P,358122,10200,1207
256,P,359329,10240,1452
257,P,360781,10280,1534
258,P,362315,10320,1186
259,P,363501,10360,1461
260,P,364962,10400,1642
261,P,366604,10440,1278
262,P,367882,10480,1431
263,P,369313,10520,1551
264,P,370864,10560,1327
265,P,372191,10600,1585
266,P,373776,10640,1687
267,P,375463,10680,1562
268,P,377025,10720,1689
269,P,378714,10760,1886
270,P,380600,10800,1383
271,P,381983,10840,1601
272,P,383584,10880,2510
273,P,386094,10920,1275
274,P,387369,10960,1508
275,P,388877,11000,1724
276,P,390601,11040,1275
277,P,391876,11080,1588
278,P,393464,11120,1740
279,P,395204,11160,1599
280,P,396803,11200,1618
281,P,398421,11240,1765
282,P,400186,11280,1850
283,P,402036,11320,1341
284,P,403377,11360,1778
285,P,405155,11400,1770
286,P,406925,11440,1349
287,P,408274,11480,1882
288,P,410156,11520,1968
289,P,412124,11560,1689
290,P,413813,11600,2810
291,P,416623,11640,3212
292,P,419835,11680,1985
293,P,421820,11720,3118
294,P,424938,11760,3285
295,P,428223,11800,1887
296,P,430110,11840,2921
297,P,433031,11880,2378
298,P,435409,11920,1376
299,P,436785,11960,1814
300,I,438599,12000,11031
301,P,449630,12040,1686
302,P,451316,12080,2566
303,P,453882,12120,2891
304,P,456773,12160,2076
305,P,458849,12200,2768
306,P,461617,12240,2758
307,P,464375,12280,2052
308,P,466427,12320,2984
309,P,469411,12360,3076
310,P,472487,12400,2207
311,P,474694,12440,3083
312,P,477777,12480,3249
313,P,481026,12520,1920
314,P,482946,12560,3069
315,P,486015,12600,3216
316,P,489231,12640,2251
317,P,491482,12680,3038
318,P,494520,12720,3169
319,P,497689,12760,2156
320,P,499845,12800,3236
321,P,503081,12840,3044
322,P,506125,12880,3031
323,P,509156,12920,2123
324,P,511279,12960,3032
325,P,514311,13000,2967
326,P,517278,13040,1932
327,P,519210,13080,2845
328,P,522055,13120,2837
329,P,524892,13160,1816
330,P,526708,13200,2514
331,P,529222,13240,2575
332,P,531797,13280,1586
333,P,533383,13320,2344
334,P,535727,13360,2321
335,P,538048,13400,1398
336,P,539446,13440,2024
337,P,541470,13480,2075
338,P,543545,13520,1361
339,P,544906,13560,2074
340,P,546980,13600,1988
341,P,548968,13640,1405
342,P,550373,13680,1857
343,P,552230,13720,1590
344,P,553820,13760,1010
345,P,554830,13800,1590
346,P,556420,13840,1489
347,P,557909,13880,872
348,P,558781,13920,1132
349,P,559913,13960,969
350,I,560882,14000,6352
351,P,567234,14040,8035
352,P,575269,14080,394
353,P,575663,14120,315
354,P,575978,14160,404
355,P,576382,14200,283
356,P,576665,14240,243
357,P,576908,14280,300
358,P,577208,14320,498
359,P,577706,14360,326
360,P,578032,14400,539
361,P,578571,14440,564
362,P,579135,14480,407
363,P,579542,14520,506
364,P,580048,14560,565
365,P,580613,14600,520
366,P,581133,14640,356
367,P,581489,14680,679
368,P,582168,14720,533
369,P,582701,14760,462
370,P,583163,14800,594
371,P,583757,14840,176
372,P,583933,14880,132
373,P,584065,14920,345
374,P,584410,14960,324
375,P,584734,15000,306
376,P,585040,15040,427
377,P,585467,15080,311
378,P,585778,15120,245
379,P,586023,15160,272
380,P,586295,15200,114
381,P,586409,15240,76
382,P,586485,15280,107
383,P,586592,15320,90
384,P,586682,15360,55
385,P,586737,15400,67
386,P,586804,15440,8245
387,P,595049,15480,423
388,P,595472,15520,438
389,P,595910,15560,438
390,P,596348,15600,697
391,P,597045,15640,469
392,P,597514,15680,456
393,P,597970,15720,437
394,P,598407,15760,485
395,P,598892,15800,584
396,P,599476,15840,423
397,P,599899,15880,383
398,P,600282,15920,319
399,P,600601,15960,316
400,I,600917,16000,11610
401,P,612527,16040,488
402,P,613015,16080,511
403,P,613526,16120,567
404,P,614093,16160,563
405,P,614656,16200,887
406,P,615543,16240,511
407,P,616054,16280,519
408,P,616573,16320,569
409,P,617142,16360,466
410,P,617608,16400,816
411,P,618424,16440,627
412,P,619051,16480,578
413,P,619629,16520,555
414,P,620184,16560,535
415,P,620719,16600,811
416,P,621530,16640,510
417,P,622040,16680,492
418,P,622532,16720,571
419,P,623103,16760,477
420,P,623580,16800,869
421,P,624449,16840,516
422,P,624965,16880,481
423,P,625446,16920,415
424,P,625861,16960,467
425,P,626328,17000,714
426,P,627042,17040,481
427,P,627523,17080,512
428,P,628035,17120,508
429,P,628543,17160,523
430,P,629066,17200,809
431,P,629875,17240,479
432,P,630354,17280,533
433,P,630887,17320,527
434,P,631414,17360,493
435,P,631907,17400,749
436,P,632656,17440,501
437,P,633157,17480,492
438,P,633649,17520,533
439,P,634182,17560,519
440,P,634701,17600,867
441,P,635568,17640,577
442,P,636145,17680,584
443,P,636729,17720,722
444,P,637451,17760,638
445,P,638089,17800,822
446,P,638911,17840,440
447,P,639351,17880,462
448,P,639813,17920,394
449,P,640207,17960,397
450,I,640604,18000,11666
451,P,652270,18040,488
452,P,652758,18080,657
453,P,653415,18120,683
454,P,654098,18160,583
455,P,654681,18200,799
456,P,655480,18240,521
457,P,656001,18280,545
458,P,656546,18320,505
459,P,657051,18360,455
460,P,657506,18400,660
461,P,658166,18440,465
462,P,658631,18480,442
463,P,659073,18520,450
464,P,659523,18560,468
465,P,659991,18600,633
466,P,660624,18640,483
467,P,661107,18680,496
468,P,661603,18720,494
469,P,662097,18760,473
470,P,662570,18800,711
471,P,663281,18840,329
472,P,663610,18880,257
473,P,663867,18920,271
474,P,664138,18960,225
475,P,664363,19000,210
476,P,664573,19040,133
477,P,664706,19080,5012
478,P,669718,19120,299
479,P,670017,19160,336
480,P,670353,19200,397
481,P,670750,19240,370
482,P,671120,19280,354
483,P,671474,19320,338
484,P,671812,19360,392
485,P,672204,19400,359
486,P,672563,19440,354
487,P,672917,19480,352
488,P,673269,19520,397
489,P,673666,19560,405
490,P,674071,19600,429
491,P,674500,19640,391
492,P,674891,19680,364
493,P,675255,19720,409
494,P,675664,19760,388
495,P,676052,19800,344
496,P,676396,19840,434
497,P,676830,19880,317
498,P,677147,19920,309
499,P,677456,19960,326
500,I,677782,20000,7418
501,P,685200,20040,398
502,P,685598,20080,442
503,P,686040,20120,461
504,P,686501,20160,540
505,P,687041,20200,568
506,P,687609,20240,484
507,P,688093,20280,593
508,P,688686,20320,591
509,P,689277,20360,640
510,P,689917,20400,679
511,P,690596,20440,627
512,P,691223,20480,675
513,P,691898,20520,765
514,P,692663,20560,659
515,P,693322,20600,717
516,P,694039,20640,868
517,P,694907,20680,840
518,P,695747,20720,996
519,P,696743,20760,815
520,P,697558,20800,1000
521,P,698558,20840,795
522,P,699353,20880,1022
523,P,700375,20920,781
524,P,701156,20960,925
525,P,702081,21000,835
526,P,702916,21040,886
527,P,703802,21080,756
528,P,704558,21120,854
529,P,705412,21160,781
530,P,706193,21200,985
531,P,707178,21240,768
532,P,707946,21280,887
533,P,708833,21320,774
534,P,709607,21360,830
535,P,710437,21400,701
536,P,711138,21440,848
537,P,711986,21480,817
538,P,712803,21520,364
539,P,713167,21560,155
540,P,713322,21600,1715
541,P,715037,21640,1648
542,P,716685,21680,1360
543,P,718045,21720,818
544,P,718863,21760,833
545,P,719696,21800,562
546,P,720258,21840,576
547,P,720834,21880,508
548,P,721342,21920,277
549,P,721619,21960,373
550,I,721992,22000,9399
551,P,731391,22040,436
552,P,731827,22080,488
553,P,732315,22120,747
554,P,733062,22160,659
555,P,733721,22200,1003
556,P,734724,22240,714
557,P,735438,22280,1115
558,P,736553,22320,837
559,P,737390,22360,1108
560,P,738498,22400,1268
561,P,739766,22440,1275
562,P,741041,22480,1016
563,P,742057,22520,1104
564,P,743161,22560,1056
565,P,744217,22600,525
566,P,744742,22640,520
567,P,745262,22680,529
568,P,745791,22720,470
569,P,746261,22760,506
570,P,746767,22800,557
571,P,747324,22840,503
572,P,747827,22880,490
573,P,748317,22920,543
574,P,748860,22960,502
575,P,749362,23000,554
576,P,749916,23040,626
577,P,750542,23080,584
578,P,751126,23120,587
579,P,751713,23160,589
580,P,752302,23200,649
581,P,752951,23240,743
582,P,753694,23280,585
583,P,754279,23320,541
584,P,754820,23360,553
585,P,755373,23400,483
586,P,755856,23440,602
587,P,756458,23480,431
588,P,756889,23520,487
589,P,757376,23560,442
590,P,757818,23600,537
591,P,758355,23640,577
592,P,758932,23680,452
593,P,759384,23720,479
594,P,759863,23760,458
595,P,760321,23800,424
596,P,760745,23840,568
597,P,761313,23880,602
598,P,761915,23920,580
599,P,762495,23960,462
600,I,762957,24000,7472
601,P,770429,24040,644
602,P,771073,24080,826
603,P,771899,24120,864
604,P,772763,24160,937
605,P,773700,24200,1114
606,P,774814,24240,1363
607,P,776177,24280,1216
608,P,777393,24320,125
609,P,777518,24360,108
610,P,777626,24400,146
611,P,777772,24440,52
612,P,777824,24480,81
613,P,777905,24520,909
614,P,778814,24560,1065
615,P,779879,24600,1213
616,P,781092,24640,1118
617,P,782210,24680,1283
618,P,783493,24720,1229
619,P,784722,24760,1331
620,P,786053,24800,1237
621,P,787290,24840,1290
622,P,788580,24880,1324
623,P,789904,24920,1594
624,P,791498,24960,1309
625,P,792807,25000,1571
626,P,794378,25040,964
627,P,795342,25080,375
628,P,795717,25120,496
629,P,796213,25160,301
630,P,796514,25200,395
631,P,796909,25240,418
632,P,797327,25280,480
633,P,797807,25320,471
634,P,798278,25360,379
635,P,798657,25400,486
636,P,799143,25440,523
637,P,799666,25480,649
638,P,800315,25520,1073
639,P,801388,25560,778
640,P,802166,25600,880
641,P,803046,25640,529
642,P,803575,25680,615
643,P,804190,25720,807
644,P,804997,25760,403
645,P,805400,25800,530
646,P,805930,25840,315
647,P,806245,25880,495
648,P,806740,25920,327
649,P,807067,25960,283
650,I,807350,26000,7083
651,P,814433,26040,341
652,P,814774,26080,5914
653,P,820688,26120,1144
654,P,821832,26160,1324
655,P,823156,26200,1587
656,P,824743,26240,1372
657,P,826115,26280,1071
658,P,827186,26320,571
659,P,827757,26360,1011
660,P,828768,26400,548
661,P,829316,26440,1108
662,P,830424,26480,857
663,P,831281,26520,1219
664,P,832500,26560,1031
665,P,833531,26600,1211
666,P,834742,26640,1078
667,P,835820,26680,1196
668,P,837016,26720,1250
669,P,838266,26760,964
670,P,839230,26800,1104
671,P,840334,26840,618
672,P,840952,26880,1154
673,P,842106,26920,979
674,P,843085,26960,1055
675,P,844140,27000,924
676,P,845064,27040,1166
677,P,846230,27080,1135
678,P,847365,27120,1324
679,P,848689,27160,606
680,P,849295,27200,6046
681,P,855341,27240,1362
682,P,856703,27280,2065
683,P,858768,27320,1528
684,P,860296,27360,1547
685,P,861843,27400,1533
686,P,863376,27440,1521
687,P,864897,27480,2191
688,P,867088,27520,1837
689,P,868925,27560,1951
690,P,870876,27600,2036
691,P,872912,27640,1924
692,P,874836,27680,2638
693,P,877474,27720,1484
694,P,878958,27760,1448
695,P,880406,27800,1650
696,P,882056,27840,1268
697,P,883324,27880,1771
698,P,885095,27920,1056
699,P,886151,27960,1034
700,I,887185,28000,8744
701,P,895929,28040,1367
702,P,897296,28080,2004
703,P,899300,28120,1654
704,P,900954,28160,1896
705,P,902850,28200,1805
706,P,904655,28240,1766
707,P,906421,28280,2095
708,P,908516,28320,1774
709,P,910290,28360,1644
710,P,911934,28400,1544
711,P,913478,28440,1358
712,P,914836,28480,1526
713,P,916362,28520,6152
714,P,922514,28560,435
715,P,922949,28600,544
716,P,923493,28640,441
717,P,923934,28680,503
718,P,924437,28720,484
719,P,924921,28760,450
720,P,925371,28800,493
721,P,925864,28840,479
722,P,926343,28880,453
723,P,926796,28920,438
724,P,927234,28960,436
725,P,927670,29000,427
726,P,928097,29040,641
727,P,928738,29080,447
728,P,929185,29120,409
729,P,929594,29160,440
730,P,930034,29200,561
731,P,930595,29240,828
732,P,931423,29280,543
733,P,931966,29320,540
734,P,932506,29360,281
735,P,932787,29400,309
736,P,933096,29440,366
737,P,933462,29480,319
738,P,933781,29520,314
739,P,934095,29560,215
740,P,934310,29600,311
741,P,934621,29640,428
742,P,935049,29680,373
743,P,935422,29720,403
744,P,935825,29760,347
745,P,936172,29800,351
746,P,936523,29840,533
747,P,937056,29880,261
748,P,937317,29920,294
749,P,937611,29960,238
750,I,937849,30000,8753
751,P,946602,30040,720
752,P,947322,30080,626
753,P,947948,30120,546
754,P,948494,30160,423
755,P,948917,30200,307
756,P,949224,30240,812
757,P,950036,30280,253
758,P,950289,30320,289
759,P,950578,30360,319
760,P,950897,30400,379
761,P,951276,30440,344
762,P,951620,30480,250
763,P,951870,30520,246
764,P,952116,30560,356
765,P,952472,30600,372
766,P,952844,30640,555
767,P,953399,30680,369
768,P,953768,30720,437
769,P,954205,30760,391
770,P,954596,30800,456
771,P,955052,30840,697
772,P,955749,30880,430
773,P,956179,30920,496
774,P,956675,30960,450
775,P,957125,31000,470
776,P,957595,31040,648
777,P,958243,31080,407
778,P,958650,31120,456
779,P,959106,31160,430
780,P,959536,31200,497
781,P,960033,31240,674
782,P,960707,31280,444
783,P,961151,31320,516
784,P,961667,31360,462
785,P,962129,31400,486
786,P,962615,31440,673
787,P,963288,31480,359
788,P,963647,31520,368
789,P,964015,31560,350
790,P,964365,31600,275
791,P,964640,31640,336
792,P,964976,31680,6336
793,P,971312,31720,1682
794,P,972994,31760,2356
795,P,975350,31800,2499
796,P,977849,31840,2353
797,P,980202,31880,2076
798,P,982278,31920,1957
799,P,984235,31960,1959
800,I,986194,32000,8486
801,P,994680,32040,2422
802,P,997102,32080,2647
803,P,999749,32120,2666
804,P,1002415,32160,2645
805,P,1005060,32200,2745
806,P,1007805,32240,2416
807,P,1010221,32280,2366
808,P,1012587,32320,2417
809,P,1015004,32360,2757
810,P,1017761,32400,2530
811,P,1020291,32440,2711
812,P,1023002,32480,2523
813,P,1025525,32520,2304
814,P,1027829,32560,2401
815,P,1030230,32600,2515
816,P,1032745,32640,2535
817,P,1035280,32680,2586
818,P,1037866,32720,2298
819,P,1040164,32760,2069
820,P,1042233,32800,1765
821,P,1043998,32840,1637
822,P,1045635,32880,1891
823,P,1047526,32920,2069
824,P,1049595,32960,1739
825,P,1051334,33000,1605
826,P,1052939,33040,1582
827,P,1054521,33080,5619
828,P,1060140,33120,376
829,P,1060516,33160,484
830,P,1061000,33200,527
831,P,1061527,33240,424
832,P,1061951,33280,454
833,P,1062405,33320,422
834,P,1062827,33360,417
835,P,1063244,33400,440
836,P,1063684,33440,446
837,P,1064130,33480,453
838,P,1064583,33520,435
839,P,1065018,33560,382
840,P,1065400,33600,471
841,P,1065871,33640,446
842,P,1066317,33680,428
843,P,1066745,33720,366
844,P,1067111,33760,459
845,P,1067570,33800,449
846,P,1068019,33840,467
847,P,1068486,33880,423
848,P,1068909,33920,430
849,P,1069339,33960,418
850,I,1069757,34000,7222
851,P,1076979,34040,612
852,P,1077591,34080,1475
853,P,1079066,34120,677
854,P,1079743,34160,806
855,P,1080549,34200,600
856,P,1081149,34240,631
857,P,1081780,34280,701
858,P,1082481,34320,695
859,P,1083176,34360,724
860,P,1083900,34400,738
861,P,1084638,34440,679
862,P,1085317,34480,736
863,P,1086053,34520,826
864,P,1086879,34560,713
865,P,1087592,34600,781
866,P,1088373,34640,821
867,P,1089194,34680,792
868,P,1089986,34720,841
869,P,1090827,34760,816
870,P,1091643,34800,847
871,P,1092490,34840,897
872,P,1093387,34880,846
873,P,1094233,34920,817
874,P,1095050,34960,804
875,P,1095854,35000,767
876,P,1096621,35040,744
877,P,1097365,35080,824
878,P,1098189,35120,865
879,P,1099054,35160,910
880,P,1099964,35200,1087
881,P,1101051,35240,886
882,P,1101937,35280,923
883,P,1102860,35320,787
884,P,1103647,35360,799
885,P,1104446,35400,689
886,P,1105135,35440,666
887,P,1105801,35480,515
888,P,1106316,35520,553
889,P,1106869,35560,3272
890,P,1110141,35600,1072
891,P,1111213,35640,1042
892,P,1112255,35680,1022
893,P,1113277,35720,1516
894,P,1114793,35760,1090
895,P,1115883,35800,908
896,P,1116791,35840,823
897,P,1117614,35880,707
898,P,1118321,35920,896
899,P,1119217,35960,619
900,I,1119836,36000,6121
901,P,1125957,36040,743
902,P,1126700,36080,808
903,P,1127508,36120,1216
904,P,1128724,36160,1054
905,P,1129778,36200,940
906,P,1130718,36240,1048
907,P,1131766,36280,1009
908,P,1132775,36320,1460
909,P,1134235,36360,1030
910,P,1135265,36400,1112
911,P,1136377,36440,972
912,P,1137349,36480,1086
913,P,1138435,36520,1502
914,P,1139937,36560,1005
915,P,1140942,36600,1110
916,P,1142052,36640,1024
917,P,1143076,36680,1022
918,P,1144098,36720,1363
919,P,1145461,36760,974
920,P,1146435,36800,969
921,P,1147404,36840,876
922,P,1148280,36880,7785
923,P,1156065,36920,451
924,P,1156516,36960,296
925,P,1156812,37000,285
926,P,1157097,37040,236
927,P,1157333,37080,227
928,P,1157560,37120,339
929,P,1157899,37160,263
930,P,1158162,37200,305
931,P,1158467,37240,315
932,P,1158782,37280,220
933,P,1159002,37320,342
934,P,1159344,37360,205
935,P,1159549,37400,248
936,P,1159797,37440,211
937,P,1160008,37480,245
938,P,1160253,37520,291
939,P,1160544,37560,206
940,P,1160750,37600,257
941,P,1161007,37640,160
942,P,1161167,37680,164
943,P,1161331,37720,6320
944,P,1167651,37760,282
945,P,1167933,37800,365
946,P,1168298,37840,329
947,P,1168627,37880,532
948,P,1169159,37920,266
949,P,1169425,37960,241
950,I,1169666,38000,9451
951,P,1179117,38040,335
952,P,1179452,38080,472
953,P,1179924,38120,657
954,P,1180581,38160,473
955,P,1181054,38200,480
956,P,1181534,38240,465
957,P,1181999,38280,511
958,P,1182510,38320,800
959,P,1183310,38360,618
960,P,1183928,38400,830
961,P,1184758,38440,916
962,P,1185674,38480,988
963,P,1186662,38520,1174
964,P,1187836,38560,785
965,P,1188621,38600,849
966,P,1189470,38640,789
967,P,1190259,38680,837
968,P,1191096,38720,909
969,P,1192005,38760,636
970,P,1192641,38800,677
971,P,1193318,38840,553
972,P,1193871,38880,460
973,P,1194331,38920,701
974,P,1195032,38960,461
975,P,1195493,39000,369
976,P,1195862,39040,350
977,P,1196212,39080,382
978,P,1196594,39120,455
979,P,1197049,39160,208
980,P,1197257,39200,5155
981,P,1202412,39240,304
982,P,1202716,39280,370
983,P,1203086,39320,376
984,P,1203462,39360,401
985,P,1203863,39400,403
986,P,1204266,39440,416
987,P,1204682,39480,497
988,P,1205179,39520,405
989,P,1205584,39560,441
990,P,1206025,39600,417
991,P,1206442,39640,404
992,P,1206846,39680,325
993,P,1207171,39720,246
994,P,1207417,39760,266
995,P,1207683,39800,281
996,P,1207964,39840,263
997,P,1208227,39880,269
998,P,1208496,39920,227
999,P,1208723,39960,204
1000,I,1208927,40000,6774
1001,P,1215701,40040,316
1002,P,1216017,40080,375
1003,P,1216392,40120,366
1004,P,1216758,40160,453
1005,P,1217211,40200,441
1006,P,1217652,40240,473
1007,P,1218125,40280,525
1008,P,1218650,40320,501
1009,P,1219151,40360,554
1010,P,1219705,40400,600
1011,P,1220305,40440,569
1012,P,1220874,40480,1152
1013,P,1222026,40520,644
1014,P,1222670,40560,726
1015,P,1223396,40600,738
1016,P,1224134,40640,669
1017,P,1224803,40680,785
1018,P,1225588,40720,722
1019,P,1226310,40760,857
1020,P,1227167,40800,831
1021,P,1227998,40840,826
1022,P,1228824,40880,938
1023,P,1229762,40920,912
1024,P,1230674,40960,821
1025,P,1231495,41000,863
1026,P,1232358,41040,812
1027,P,1233170,41080,889
1028,P,1234059,41120,969
1029,P,1235028,41160,889
1030,P,1235917,41200,946
1031,P,1236863,41240,1066
1032,P,1237929,41280,922
1033,P,1238851,41320,1017
1034,P,1239868,41360,1045
1035,P,1240913,41400,1086
1036,P,1241999,41440,989
1037,P,1242988,41480,1155
1038,P,1244143,41520,1100
1039,P,1245243,41560,1091
1040,P,1246334,41600,1161
1041,P,1247495,41640,1167
1042,P,1248662,41680,1249
1043,P,1249911,41720,1176
1044,P,1251087,41760,1384
1045,P,1252471,41800,1326
1046,P,1253797,41840,1284
1047,P,1255081,41880,1173
1048,P,1256254,41920,989
1049,P,1257243,41960,830
1050,I,1258073,42000,7264
1051,P,1265337,42040,1155
1052,P,1266492,42080,1357
1053,P,1267849,42120,1393
1054,P,1269242,42160,1387
1055,P,1270629,42200,1497
1056,P,1272126,42240,1220
1057,P,1273346,42280,1400
1058,P,1274746,42320,1368
1059,P,1276114,42360,1276
1060,P,1277390,42400,1361
1061,P,1278751,42440,1313
1062,P,1280064,42480,1404
1063,P,1281468,42520,1427
1064,P,1282895,42560,1605
1065,P,1284500,42600,1578
1066,P,1286078,42640,1495
1067,P,1287573,42680,1176
1068,P,1288749,42720,1190
1069,P,1289939,42760,1075
1070,P,1291014,42800,928
1071,P,1291942,42840,802
1072,P,1292744,42880,7721
1073,P,1300465,42920,1414
1074,P,1301879,42960,1473
1075,P,1303352,43000,1400
1076,P,1304752,43040,1868
1077,P,1306620,43080,1508
1078,P,1308128,43120,2114
1079,P,1310242,43160,1799
1080,P,1312041,43200,1848
1081,P,1313889,43240,2116
1082,P,1316005,43280,1713
1083,P,1317718,43320,2021
1084,P,1319739,43360,1632
1085,P,1321371,43400,1488
1086,P,1322859,43440,1812
1087,P,1324671,43480,1097
1088,P,1325768,43520,904
1089,P,1326672,43560,789
1090,P,1327461,43600,650
1091,P,1328111,43640,746
1092,P,1328857,43680,850
1093,P,1329707,43720,847
1094,P,1330554,43760,1176
1095,P,1331730,43800,1037
1096,P,1332767,43840,1327
1097,P,1334094,43880,1225
1098,P,1335319,43920,1268
1099,P,1336587,43960,1444
1100,I,1338031,44000,9947
1101,P,1347978,44040,1868
1102,P,1349846,44080,1813
1103,P,1351659,44120,1717
1104,P,1353376,44160,2091
1105,P,1355467,44200,1426
1106,P,1356893,44240,1449
1107,P,1358342,44280,721
1108,P,1359063,44320,580
1109,P,1359643,44360,791
1110,P,1360434,44400,851
1111,P,1361285,44440,1143
1112,P,1362428,44480,1256
1113,P,1363684,44520,1267
1114,P,1364951,44560,1598
1115,P,1366549,44600,1530
1116,P,1368079,44640,2126
1117,P,1370205,44680,1840
1118,P,1372045,44720,1873
1119,P,1373918,44760,2189
1120,P,1376107,44800,1677
1121,P,1377784,44840,1894
1122,P,1379678,44880,1416
1123,P,1381094,44920,1251
1124,P,1382345,44960,1247
1125,P,1383592,45000,715
1126,P,1384307,45040,670
1127,P,1384977,45080,759
1128,P,1385736,45120,873
1129,P,1386609,45160,1151
1130,P,1387760,45200,1117
1131,P,1388877,45240,1229
1132,P,1390106,45280,1003
1133,P,1391109,45320,1106
1134,P,1392215,45360,8151
1135,P,1400366,45400,959
1136,P,1401325,45440,1206
1137,P,1402531,45480,1117
1138,P,1403648,45520,1784
1139,P,1405432,45560,1308
1140,P,1406740,45600,1369
1141,P,1408109,45640,1371
1142,P,1409480,45680,1343
1143,P,1410823,45720,1956
1144,P,1412779,45760,1435
1145,P,1414214,45800,1573
1146,P,1415787,45840,1368
1147,P,1417155,45880,1965
1148,P,1419120,45920,1753
1149,P,1420873,45960,1079
1150,I,1421952,46000,12544
1151,P,1434496,46040,1262
1152,P,1435758,46080,1604
1153,P,1437362,46120,2061
1154,P,1439423,46160,1194
1155,P,1440617,46200,1270
1156,P,1441887,46240,997
1157,P,1442884,46280,762
1158,P,1443646,46320,621
1159,P,1444267,46360,492
1160,P,1444759,46400,738
1161,P,1445497,46440,856
1162,P,1446353,46480,934
1163,P,1447287,46520,1748
1164,P,1449035,46560,1739
1165,P,1450774,46600,1795
1166,P,1452569,46640,1725
1167,P,1454294,46680,1757
1168,P,1456051,46720,1653
1169,P,1457704,46760,2425
1170,P,1460129,46800,1657
1171,P,1461786,46840,1628
1172,P,1463414,46880,1570
1173,P,1464984,46920,1606
1174,P,1466590,46960,2179
1175,P,1468769,47000,1389
1176,P,1470158,47040,1381
1177,P,1471539,47080,1378
1178,P,1472917,47120,1319
1179,P,1474236,47160,1654
1180,P,1475890,47200,1078
1181,P,1476968,47240,714
1182,P,1477682,47280,563
1183,P,1478245,47320,669
1184,P,1478914,47360,1061
1185,P,1479975,47400,952
1186,P,1480927,47440,995
1187,P,1481922,47480,983
1188,P,1482905,47520,1054
1189,P,1483959,47560,1756
1190,P,1485715,47600,1507
1191,P,1487222,47640,1518
1192,P,1488740,47680,1473
1193,P,1490213,47720,1383
1194,P,1491596,47760,2186
1195,P,1493782,47800,1615
1196,P,1495397,47840,1674
1197,P,1497071,47880,1386
1198,P,1498457,47920,1271
1199,P,1499728,47960,1400
1200,I,1501128,48000,12169
1201,P,1513297,48040,916
1202,P,1514213,48080,914
1203,P,1515127,48120,623
1204,P,1515750,48160,830
1205,P,1516580,48200,744
1206,P,1517324,48240,1013
1207,P,1518337,48280,1165
1208,P,1519502,48320,1374
1209,P,1520876,48360,2221
1210,P,1523097,48400,1536
1211,P,1524633,48440,1681
1212,P,1526314,48480,1425
1213,P,1527739,48520,1306
1214,P,1529045,48560,1937
1215,P,1530982,48600,1187
1216,P,1532169,48640,1052
1217,P,1533221,48680,6757
1218,P,1539978,48720,413
1219,P,1540391,48760,498
1220,P,1540889,48800,541
1221,P,1541430,48840,500
1222,P,1541930,48880,606
1223,P,1542536,48920,552
1224,P,1543088,48960,522
1225,P,1543610,49000,493
1226,P,1544103,49040,535
1227,P,1544638,49080,739
1228,P,1545377,49120,503
1229,P,1545880,49160,453
1230,P,1546333,49200,558
1231,P,1546891,49240,465
1232,P,1547356,49280,745
1233,P,1548101,49320,509
1234,P,1548610,49360,539
1235,P,1549149,49400,553
1236,P,1549702,49440,483
1237,P,1550185,49480,780
1238,P,1550965,49520,558
1239,P,1551523,49560,554
1240,P,1552077,49600,622
1241,P,1552699,49640,495
1242,P,1553194,49680,755
1243,P,1553949,49720,503
1244,P,1554452,49760,518
1245,P,1554970,49800,523
1246,P,1555493,49840,508
1247,P,1556001,49880,637
1248,P,1556638,49920,595
1249,P,1557233,49960,614
1250,I,1557847,50000,6913
1251,P,1564760,50040,856
1252,P,1565616,50080,1188
1253,P,1566804,50120,771
1254,P,1567575,50160,1077
1255,P,1568652,50200,600
1256,P,1569252,50240,525
1257,P,1569777,50280,676
1258,P,1570453,50320,6082
1259,P,1576535,50360,1250
1260,P,1577785,50400,1471
1261,P,1579256,50440,1499
1262,P,1580755,50480,1497
1263,P,1582252,50520,2171
1264,P,1584423,50560,1643
1265,P,1586066,50600,1573
1266,P,1587639,50640,1495
1267,P,1589134,50680,1602
1268,P,1590736,50720,2106
1269,P,1592842,50760,1609
1270,P,1594451,50800,1619
1271,P,1596070,50840,1540
1272,P,1597610,50880,1517
1273,P,1599127,50920,2244
1274,P,1601371,50960,1456
1275,P,1602827,51000,1529
1276,P,1604356,51040,1471
1277,P,1605827,51080,1659
1278,P,1607486,51120,1459
1279,P,1608945,51160,2032
1280,P,1610977,51200,1686
1281,P,1612663,51240,1542
1282,P,1614205,51280,1478
1283,P,1615683,51320,1443
1284,P,1617126,51360,2203
1285,P,1619329,51400,1577
1286,P,1620906,51440,1668
1287,P,1622574,51480,1673
1288,P,1624247,51520,1701
1289,P,1625948,51560,2362
1290,P,1628310,51600,1576
1291,P,1629886,51640,1603
1292,P,1631489,51680,2174
1293,P,1633663,51720,1508
1294,P,1635171,51760,2313
1295,P,1637484,51800,1416
1296,P,1638900,51840,1232
1297,P,1640132,51880,1133
1298,P,1641265,51920,1020
1299,P,1642285,51960,1289
1300,I,1643574,52000,8004
1301,P,1651578,52040,915
1302,P,1652493,52080,1107
1303,P,1653600,52120,1022
1304,P,1654622,52160,1537
1305,P,1656159,52200,10574
1306,P,1666733,52240,1029
1307,P,1667762,52280,1629
1308,P,1669391,52320,1644
1309,P,1671035,52360,1444
1310,P,1672479,52400,1793
1311,P,1674272,52440,1592
1312,P,1675864,52480,1188
1313,P,1677052,52520,1142
1314,P,1678194,52560,1440
1315,P,1679634,52600,1242
1316,P,1680876,52640,1051
1317,P,1681927,52680,1294
1318,P,1683221,52720,1349
1319,P,1684570,52760,1515
1320,P,1686085,52800,1843
1321,P,1687928,52840,1466
1322,P,1689394,52880,1191
1323,P,1690585,52920,1377
1324,P,1691962,52960,957
1325,P,1692919,53000,1469
1326,P,1694388,53040,1285
1327,P,1695673,53080,1317
1328,P,1696990,53120,1786
1329,P,1698776,53160,1630
1330,P,1700406,53200,2055
1331,P,1702461,53240,1701
1332,P,1704162,53280,1556
1333,P,1705718,53320,1758
1334,P,1707476,53360,2257
1335,P,1709733,53400,2596
1336,P,1712329,53440,1968
1337,P,1714297,53480,2107
1338,P,1716404,53520,1628
1339,P,1718032,53560,1618
1340,P,1719650,53600,2346
1341,P,1721996,53640,1763
1342,P,1723759,53680,1693
1343,P,1725452,53720,1457
1344,P,1726909,53760,1081
1345,P,1727990,53800,1745
1346,P,1729735,53840,1251
1347,P,1730986,53880,1287
1348,P,1732273,53920,1047
1349,P,1733320,53960,933
1350,I,1734253,54000,5123
1351,P,1739376,54040,986
1352,P,1740362,54080,1006
1353,P,1741368,54120,595
1354,P,1741963,54160,126
1355,P,1742089,54200,1239
1356,P,1743328,54240,1477
1357,P,1744805,54280,1520
1358,P,1746325,54320,1255
1359,P,1747580,54360,1074
1360,P,1748654,54400,1376
1361,P,1750030,54440,899
1362,P,1750929,54480,996
1363,P,1751925,54520,1120
1364,P,1753045,54560,855
1365,P,1753900,54600,1025
1366,P,1754925,54640,1010
1367,P,1755935,54680,1117
1368,P,1757052,54720,1243
1369,P,1758295,54760,1404
1370,P,1759699,54800,1933
1371,P,1761632,54840,1520
1372,P,1763152,54880,1551
1373,P,1764703,54920,1455
1374,P,1766158,54960,1652
1375,P,1767810,55000,2010
1376,P,1769820,55040,1579
1377,P,1771399,55080,1639
1378,P,1773038,55120,1864
1379,P,1774902,55160,1703
1380,P,1776605,55200,2050
1381,P,1778655,55240,1193
1382,P,1779848,55280,1247
1383,P,1781095,55320,557
1384,P,1781652,55360,709
1385,P,1782361,55400,1466
1386,P,1783827,55440,1025
1387,P,1784852,55480,1107
1388,P,1785959,55520,1060
1389,P,1787019,55560,1102
1390,P,1788121,55600,1696
1391,P,1789817,55640,1212
1392,P,1791029,55680,1222
1393,P,1792251,55720,1335
1394,P,1793586,55760,1208
1395,P,1794794,55800,1527
1396,P,1796321,55840,903
1397,P,1797224,55880,815
1398,P,1798039,55920,702
1399,P,1798741,55960,536
1400,I,1799277,56000,8516
1401,P,1807793,56040,727
1402,P,1808520,56080,801
1403,P,1809321,56120,833
1404,P,1810154,56160,819
1405,P,1810973,56200,1441
1406,P,1812414,56240,1060
1407,P,1813474,56280,986
1408,P,1814460,56320,1144
1409,P,1815604,56360,953
1410,P,1816557,56400,1540
1411,P,1818097,56440,1044
1412,P,1819141,56480,1082
1413,P,1820223,56520,1039
1414,P,1821262,56560,1021
1415,P,1822283,56600,1450
1416,P,1823733,56640,975
1417,P,1824708,56680,934
1418,P,1825642,56720,957
1419,P,1826599,56760,933
1420,P,1827532,56800,1214
1421,P,1828746,56840,499
1422,P,1829245,56880,423
1423,P,1829668,56920,462
1424,P,1830130,56960,302
1425,P,1830432,57000,440
1426,P,1830872,57040,6366
1427,P,1837238,57080,104
1428,P,1837342,57120,119
1429,P,1837461,57160,213
1430,P,1837674,57200,293
1431,P,1837967,57240,247
1432,P,1838214,57280,632
1433,P,1838846,57320,273
1434,P,1839119,57360,36
1435,P,1839155,57400,293
1436,P,1839448,57440,534
1437,P,1839982,57480,613
1438,P,1840595,57520,747
1439,P,1841342,57560,912
1440,P,1842254,57600,906
1441,P,1843160,57640,932
1442,P,1844092,57680,52
1443,P,1844144,57720,787
1444,P,1844931,57760,737
1445,P,1845668,57800,592
1446,P,1846260,57840,429
1447,P,1846689,57880,449
1448,P,1847138,57920,414
1449,P,1847552,57960,380
1450,I,1847932,58000,7745
1451,P,1855677,58040,576
1452,P,1856253,58080,754
1453,P,1857007,58120,764
1454,P,1857771,58160,687
1455,P,1858458,58200,780
1456,P,1859238,58240,724
1457,P,1859962,58280,771
1458,P,1860733,58320,86
1459,P,1860819,58360,585
1460,P,1861404,58400,576
1461,P,1861980,58440,590
1462,P,1862570,58480,4741
1463,P,1867311,58520,994
1464,P,1868305,58560,1203
1465,P,1869508,58600,1273
1466,P,1870781,58640,63
1467,P,1870844,58680,1626
1468,P,1872470,58720,1494
1469,P,1873964,58760,1403
1470,P,1875367,58800,1610
1471,P,1876977,58840,1181
1472,P,1878158,58880,2206
1473,P,1880364,58920,1365
1474,P,1881729,58960,74
1475,P,1881803,59000,1177
1476,P,1882980,59040,1589
1477,P,1884569,59080,1463
1478,P,1886032,59120,1580
1479,P,1887612,59160,1323
1480,P,1888935,59200,1445
1481,P,1890380,59240,1292
1482,P,1891672,59280,91
1483,P,1891763,59320,896
1484,P,1892659,59360,1201
1485,P,1893860,59400,835
1486,P,1894695,59440,852
1487,P,1895547,59480,982
1488,P,1896529,59520,679
1489,P,1897208,59560,955
1490,P,1898163,59600,109
1491,P,1898272,59640,792
1492,P,1899064,59680,986
1493,P,1900050,59720,1284
1494,P,1901334,59760,1167
1495,P,1902501,59800,1266
1496,P,1903767,59840,982
1497,P,1904749,59880,705
1498,P,1905454,59920,61
1499,P,1905515,59960,572
1500,I,1906087,60000,9255
1501,P,1915342,60040,1134
1502,P,1916476,60080,1093
1503,P,1917569,60120,1162
1504,P,1918731,60160,109
1505,P,1918840,60200,54
1506,P,1918894,60240,1197
1507,P,1920091,60280,101
1508,P,1920192,60320,1015
1509,P,1921207,60360,86
1510,P,1921293,60400,882
1511,P,1922175,60440,46
1512,P,1922221,60480,59
1513,P,1922280,60520,731
1514,P,1923011,60560,55
1515,P,1923066,60600,658
1516,P,1923724,60640,58
1517,P,1923782,60680,941
1518,P,1924723,60720,71
1519,P,1924794,60760,52
1520,P,1924846,60800,805
1521,P,1925651,60840,114
1522,P,1925765,60880,948
1523,P,1926713,60920,57
1524,P,1926770,60960,740
1525,P,1927510,61000,49
1526,P,1927559,61040,6614
1527,P,1934173,61080,1318
1528,P,1935491,61120,1344
1529,P,1936835,61160,1363
1530,P,1938198,61200,1805
1531,P,1940003,61240,1460
1532,P,1941463,61280,3334
1533,P,1944797,61320,1616
1534,P,1946413,61360,1756
1535,P,1948169,61400,2291
1536,P,1950460,61440,1638
1537,P,1952098,61480,1953
1538,P,1954051,61520,1719
1539,P,1955770,61560,1493
1540,P,1957263,61600,1765
1541,P,1959028,61640,1129
1542,P,1960157,61680,844
1543,P,1961001,61720,819
1544,P,1961820,61760,589
1545,P,1962409,61800,704
1546,P,1963113,61840,775
1547,P,1963888,61880,773
1548,P,1964661,61920,892
1549,P,1965553,61960,789
1550,I,1966342,62000,9704
1551,P,1976046,62040,1398
1552,P,1977444,62080,1790
1553,P,1979234,62120,2416
1554,P,1981650,62160,1722
1555,P,1983372,62200,2240
1556,P,1985612,62240,1876
1557,P,1987488,62280,1699
1558,P,1989187,62320,2071
1559,P,1991258,62360,1523
1560,P,1992781,62400,1438
1561,P,1994219,62440,765
1562,P,1994984,62480,595
1563,P,1995579,62520,726
1564,P,1996305,62560,926
1565,P,1997231,62600,1163
1566,P,1998394,62640,1221
1567,P,1999615,62680,1295
1568,P,2000910,62720,1607
1569,P,2002517,62760,1490
1570,P,2004007,62800,2237
1571,P,2006244,62840,1824
1572,P,2008068,62880,1864
1573,P,2009932,62920,2178
1574,P,2012110,62960,1667
1575,P,2013777,63000,1931
1576,P,2015708,63040,1413
1577,P,2017121,63080,1210
1578,P,2018331,63120,1293
1579,P,2019624,63160,784
1580,P,2020408,63200,826
1581,P,2021234,63240,750
1582,P,2021984,63280,857
1583,P,2022841,63320,1179
1584,P,2024020,63360,1051
1585,P,2025071,63400,1228
1586,P,2026299,63440,997
1587,P,2027296,63480,989
1588,P,2028285,63520,7932
1589,P,2036217,63560,984
1590,P,2037201,63600,1213
1591,P,2038414,63640,1131
1592,P,2039545,63680,1683
1593,P,2041228,63720,1164
1594,P,2042392,63760,1300
1595,P,2043692,63800,1230
1596,P,2044922,63840,1176
1597,P,2046098,63880,1760
1598,P,2047858,63920,1097
1599,P,2048955,63960,1127
1600,I,2050082,64000,11659
1601,P,2061741,64040,1493
1602,P,2063234,64080,2534
1603,P,2065768,64120,2704
1604,P,2068472,64160,1906
1605,P,2070378,64200,1725
1606,P,2072103,64240,1711
1607,P,2073814,64280,2227
1608,P,2076041,64320,1301
1609,P,2077342,64360,1291
1610,P,2078633,64400,1125
1611,P,2079758,64440,801
1612,P,2080559,64480,593
1613,P,2081152,64520,498
1614,P,2081650,64560,703
1615,P,2082353,64600,848
1616,P,2083201,64640,1015
1617,P,2084216,64680,1693
1618,P,2085909,64720,1664
1619,P,2087573,64760,1777
1620,P,2089350,64800,1975
1621,P,2091325,64840,1661
1622,P,2092986,64880,1736
1623,P,2094722,64920,2462
1624,P,2097184,64960,1737
1625,P,2098921,65000,1642
1626,P,2100563,65040,1620
1627,P,2102183,65080,1504
1628,P,2103687,65120,2102
1629,P,2105789,65160,1395
1630,P,2107184,65200,1502
1631,P,2108686,65240,1315
1632,P,2110001,65280,1213
1633,P,2111214,65320,1563
1634,P,2112777,65360,1021
1635,P,2113798,65400,672
1636,P,2114470,65440,530
1637,P,2115000,65480,629
1638,P,2115629,65520,1065
1639,P,2116694,65560,973
1640,P,2117667,65600,1100
1641,P,2118767,65640,1006
1642,P,2119773,65680,1064
1643,P,2120837,65720,1600
1644,P,2122437,65760,1389
1645,P,2123826,65800,1444
1646,P,2125270,65840,1312
1647,P,2126582,65880,1267
1648,P,2127849,65920,1788
1649,P,2129637,65960,1236
1650,I,2130873,66000,11582
1651,P,2142455,66040,1673
1652,P,2144128,66080,1941
1653,P,2146069,66120,2585
1654,P,2148654,66160,1620
1655,P,2150274,66200,1338
1656,P,2151612,66240,923
1657,P,2152535,66280,790
1658,P,2153325,66320,895
1659,P,2154220,66360,771
1660,P,2154991,66400,920
1661,P,2155911,66440,994
1662,P,2156905,66480,1119
1663,P,2158024,66520,1543
1664,P,2159567,66560,1547
1665,P,2161114,66600,1548
1666,P,2162662,66640,1497
1667,P,2164159,66680,1386
1668,P,2165545,66720,2036
1669,P,2167581,66760,1278
1670,P,2168859,66800,1243
1671,P,2170102,66840,990
1672,P,2171092,66880,4590
1673,P,2175682,66920,2145
1674,P,2177827,66960,1763
1675,P,2179590,67000,1867
1676,P,2181457,67040,1795
1677,P,2183252,67080,2079
1678,P,2185331,67120,2780
1679,P,2188111,67160,1934
1680,P,2190045,67200,1956
1681,P,2192001,67240,1882
1682,P,2193883,67280,1876
1683,P,2195759,67320,2638
1684,P,2198397,67360,1820
1685,P,2200217,67400,1920
1686,P,2202137,67440,1731
1687,P,2203868,67480,1660
1688,P,2205528,67520,2090
1689,P,2207618,67560,1891
1690,P,2209509,67600,2149
1691,P,2211658,67640,2067
1692,P,2213725,67680,2021
1693,P,2215746,67720,2570
1694,P,2218316,67760,2237
1695,P,2220553,67800,2344
1696,P,2222897,67840,2367
1697,P,2225264,67880,2273
1698,P,2227537,67920,2719
1699,P,2230256,67960,2137
1700,I,2232393,68000,7018
1701,P,2239411,68040,2064
1702,P,2241475,68080,2150
1703,P,2243625,68120,3019
1704,P,2246644,68160,2244
1705,P,2248888,68200,2240
1706,P,2251128,68240,2355
1707,P,2253483,68280,2518
1708,P,2256001,68320,3412
1709,P,2259413,68360,2354
1710,P,2261767,68400,2232
1711,P,2263999,68440,2281
1712,P,2266280,68480,2136
1713,P,2268416,68520,2715
1714,P,2271131,68560,2149
1715,P,2273280,68600,2018
1716,P,2275298,68640,1969
1717,P,2277267,68680,1808
1718,P,2279075,68720,6297
1719,P,2285372,68760,1881
1720,P,2287253,68800,2299
1721,P,2289552,68840,2254
1722,P,2291806,68880,2241
1723,P,2294047,68920,2981
1724,P,2297028,68960,2200
1725,P,2299228,69000,2143
1726,P,2301371,69040,2067
1727,P,2303438,69080,1758
1728,P,2305196,69120,2138
1729,P,2307334,69160,1992
1730,P,2309326,69200,2040
1731,P,2311366,69240,2095
1732,P,2313461,69280,2223
1733,P,2315684,69320,2576
1734,P,2318260,69360,2274
1735,P,2320534,69400,2342
1736,P,2322876,69440,2196
1737,P,2325072,69480,2140
1738,P,2327212,69520,2925
1739,P,2330137,69560,2002
1740,P,2332139,69600,2087
1741,P,2334226,69640,1696
1742,P,2335922,69680,1186
1743,P,2337108,69720,1568
1744,P,2338676,69760,1779
1745,P,2340455,69800,1903
1746,P,2342358,69840,1830
1747,P,2344188,69880,1588
1748,P,2345776,69920,2077
1749,P,2347853,69960,1447
1750,I,2349300,70000,8833
1751,P,2358133,70040,1795
1752,P,2359928,70080,2152
1753,P,2362080,70120,2901
1754,P,2364981,70160,2094
1755,P,2367075,70200,2110
1756,P,2369185,70240,2074
1757,P,2371259,70280,1754
1758,P,2373013,70320,1795
1759,P,2374808,70360,1574
1760,P,2376382,70400,1662
1761,P,2378044,70440,1830
1762,P,2379874,70480,1919
1763,P,2381793,70520,2419
1764,P,2384212,70560,1900
1765,P,2386112,70600,1902
1766,P,2388014,70640,1936
1767,P,2389950,70680,1906
1768,P,2391856,70720,2693
1769,P,2394549,70760,1919
1770,P,2396468,70800,2178
1771,P,2398646,70840,2037
1772,P,2400683,70880,1852
1773,P,2402535,70920,2197
1774,P,2404732,70960,1526
1775,P,2406258,71000,1572
1776,P,2407830,71040,1733
1777,P,2409563,71080,1594
1778,P,2411157,71120,2605
1779,P,2413762,71160,1256
1780,P,2415018,71200,1272
1781,P,2416290,71240,5840
1782,P,2422130,71280,1577
1783,P,2423707,71320,2942
1784,P,2426649,71360,2372
1785,P,2429021,71400,2456
1786,P,2431477,71440,2487
1787,P,2433964,71480,2223
1788,P,2436187,71520,2186
1789,P,2438373,71560,1339
1790,P,2439712,71600,1341
1791,P,2441053,71640,1269
1792,P,2442322,71680,1249
1793,P,2443571,71720,1325
1794,P,2444896,71760,1007
1795,P,2445903,71800,1181
1796,P,2447084,71840,1362
1797,P,2448446,71880,1402
1798,P,2449848,71920,1780
1799,P,2451628,71960,1181
1800,I,2452809,72000,8755
1801,P,2461564,72040,1683
1802,P,2463247,72080,1971
1803,P,2465218,72120,2716
1804,P,2467934,72160,1460
1805,P,2469394,72200,1400
1806,P,2470794,72240,1532
1807,P,2472326,72280,1540
1808,P,2473866,72320,1634
1809,P,2475500,72360,1202
1810,P,2476702,72400,1460
1811,P,2478162,72440,1571
1812,P,2479733,72480,1892
1813,P,2481625,72520,3009
1814,P,2484634,72560,2258
1815,P,2486892,72600,2256
1816,P,2489148,72640,2233
1817,P,2491381,72680,2076
1818,P,2493457,72720,2065
1819,P,2495522,72760,1355
1820,P,2496877,72800,1389
1821,P,2498266,72840,1548
1822,P,2499814,72880,1476
1823,P,2501290,72920,1715
1824,P,2503005,72960,1615
1825,P,2504620,73000,1706
1826,P,2506326,73040,1996
1827,P,2508322,73080,1800
1828,P,2510122,73120,2364
1829,P,2512486,73160,1952
1830,P,2514438,73200,2021
1831,P,2516459,73240,1844
1832,P,2518303,73280,1697
1833,P,2520000,73320,1573
1834,P,2521573,73360,1290
1835,P,2522863,73400,1423
1836,P,2524286,73440,1348
1837,P,2525634,73480,1093
1838,P,2526727,73520,1296
1839,P,2528023,73560,1140
1840,P,2529163,73600,1521
1841,P,2530684,73640,873
1842,P,2531557,73680,118
1843,P,2531675,73720,840
1844,P,2532515,73760,1020
1845,P,2533535,73800,993
1846,P,2534528,73840,828
1847,P,2535356,73880,767
1848,P,2536123,73920,609
1849,P,2536732,73960,513
1850,I,2537245,74000,6200
1851,P,2543445,74040,501
1852,P,2543946,74080,831
1853,P,2544777,74120,1190
1854,P,2545967,74160,1078
1855,P,2547045,74200,1275
1856,P,2548320,74240,1290
1857,P,2549610,74280,1328
1858,P,2550938,74320,1653
1859,P,2552591,74360,1252
1860,P,2553843,74400,1400
1861,P,2555243,74440,1480
1862,P,2556723,74480,1579
1863,P,2558302,74520,1546
1864,P,2559848,74560,1435
1865,P,2561283,74600,1428
1866,P,2562711,74640,1401
1867,P,2564112,74680,1640
1868,P,2565752,74720,449
1869,P,2566201,74760,372
1870,P,2566573,74800,490
1871,P,2567063,74840,305
1872,P,2567368,74880,261
1873,P,2567629,74920,296
1874,P,2567925,74960,227
1875,P,2568152,75000,184
1876,P,2568336,75040,189
1877,P,2568525,75080,171
1878,P,2568696,75120,113
1879,P,2568809,75160,178
1880,P,2568987,75200,264
1881,P,2569251,75240,275
1882,P,2569526,75280,329
1883,P,2569855,75320,456
1884,P,2570311,75360,366
1885,P,2570677,75400,493
1886,P,2571170,75440,418
1887,P,2571588,75480,400
1888,P,2571988,75520,591
1889,P,2572579,75560,432
1890,P,2573011,75600,492
1891,P,2573503,75640,422
1892,P,2573925,75680,422
1893,P,2574347,75720,476
1894,P,2574823,75760,377
1895,P,2575200,75800,419
1896,P,2575619,75840,382
1897,P,2576001,75880,296
1898,P,2576297,75920,301
1899,P,2576598,75960,364
1900,I,2576962,76000,10485
1901,P,2587447,76040,357
1902,P,2587804,76080,432
1903,P,2588236,76120,416
1904,P,2588652,76160,697
1905,P,2589349,76200,469
1906,P,2589818,76240,406
1907,P,2590224,76280,415
1908,P,2590639,76320,502
1909,P,2591141,76360,795
1910,P,2591936,76400,638
1911,P,2592574,76440,531
1912,P,2593105,76480,321
1913,P,2593426,76520,272
1914,P,2593698,76560,416
1915,P,2594114,76600,342
1916,P,2594456,76640,301
1917,P,2594757,76680,265
1918,P,2595022,76720,284
1919,P,2595306,76760,419
1920,P,2595725,76800,453
1921,P,2596178,76840,443
1922,P,2596621,76880,599
1923,P,2597220,76920,731
1924,P,2597951,76960,980
1925,P,2598931,77000,695
1926,P,2599626,77040,710
1927,P,2600336,77080,600
1928,P,2600936,77120,703
1929,P,2601639,77160,1141
1930,P,2602780,77200,882
1931,P,2603662,77240,773
1932,P,2604435,77280,652
1933,P,2605087,77320,496
1934,P,2605583,77360,590
1935,P,2606173,77400,377
1936,P,2606550,77440,403
1937,P,2606953,77480,352
1938,P,2607305,77520,450
1939,P,2607755,77560,443
1940,P,2608198,77600,406
1941,P,2608604,77640,274
1942,P,2608878,77680,375
1943,P,2609253,77720,346
1944,P,2609599,77760,537
1945,P,2610136,77800,405
1946,P,2610541,77840,356
1947,P,2610897,77880,290
1948,P,2611187,77920,338
1949,P,2611525,77960,442
1950,I,2611967,78000,8116
1951,P,2620083,78040,365
1952,P,2620448,78080,430
1953,P,2620878,78120,1038
1954,P,2621916,78160,683
1955,P,2622599,78200,433
1956,P,2623032,78240,484
1957,P,2623516,78280,447
1958,P,2623963,78320,504
1959,P,2624467,78360,665
1960,P,2625132,78400,507
1961,P,2625639,78440,490
1962,P,2626129,78480,501
1963,P,2626630,78520,491
1964,P,2627121,78560,718
1965,P,2627839,78600,380
1966,P,2628219,78640,441
1967,P,2628660,78680,374
1968,P,2629034,78720,366
1969,P,2629400,78760,490
1970,P,2629890,78800,339
1971,P,2630229,78840,275
1972,P,2630504,78880,184
1973,P,2630688,78920,197
1974,P,2630885,78960,236
1975,P,2631121,79000,6965
1976,P,2638086,79040,858
1977,P,2638944,79080,873
1978,P,2639817,79120,831
1979,P,2640648,79160,1286
1980,P,2641934,79200,984
1981,P,2642918,79240,903
1982,P,2643821,79280,1004
1983,P,2644825,79320,851
1984,P,2645676,79360,1345
1985,P,2647021,79400,896
1986,P,2647917,79440,943
1987,P,2648860,79480,813
1988,P,2649673,79520,845
1989,P,2650518,79560,1109
1990,P,2651627,79600,587
1991,P,2652214,79640,489
1992,P,2652703,79680,315
1993,P,2653018,79720,1246
1994,P,2654264,79760,1685
1995,P,2655949,79800,1593
1996,P,2657542,79840,1845
1997,P,2659387,79880,1285
1998,P,2660672,79920,954
1999,P,2661626,79960,1259
2000,I,2662885,80000,8609
2001,P,2671494,80040,863
2002,P,2672357,80080,990
2003,P,2673347,80120,1007
2004,P,2674354,80160,1948
2005,P,2676302,80200,1070
2006,P,2677372,80240,1083
2007,P,2678455,80280,935
2008,P,2679390,80320,803
2009,P,2680193,80360,1046
2010,P,2681239,80400,790
2011,P,2682029,80440,705
2012,P,2682734,80480,778
2013,P,2683512,80520,655
2014,P,2684167,80560,881
2015,P,2685048,80600,548
2016,P,2685596,80640,8314
2017,P,2693910,80680,433
2018,P,2694343,80720,493
2019,P,2694836,80760,503
2020,P,2695339,80800,585
2021,P,2695924,80840,601
2022,P,2696525,80880,669
2023,P,2697194,80920,619
2024,P,2697813,80960,645
2025,P,2698458,81000,468
2026,P,2698926,81040,536
2027,P,2699462,81080,646
2028,P,2700108,81120,682
2029,P,2700790,81160,801
2030,P,2701591,81200,902
2031,P,2702493,81240,838
2032,P,2703331,81280,631
2033,P,2703962,81320,729
2034,P,2704691,81360,869
2035,P,2705560,81400,845
2036,P,2706405,81440,801
2037,P,2707206,81480,800
2038,P,2708006,81520,523
2039,P,2708529,81560,402
2040,P,2708931,81600,418
2041,P,2709349,81640,525
2042,P,2709874,81680,513
2043,P,2710387,81720,633
2044,P,2711020,81760,540
2045,P,2711560,81800,455
2046,P,2712015,81840,421
2047,P,2712436,81880,409
2048,P,2712845,81920,318
2049,P,2713163,81960,316
2050,I,2713479,82000,9939
2051,P,2723418,82040,3044
2052,P,2726462,82080,96
2053,P,2726558,82120,1044
2054,P,2727602,82160,107
2055,P,2727709,82200,1001
2056,P,2728710,82240,84
2057,P,2728794,82280,850
2058,P,2729644,82320,95
2059,P,2729739,82360,87
2060,P,2729826,82400,953
2061,P,2730779,82440,74
2062,P,2730853,82480,1036
2063,P,2731889,82520,66
2064,P,2731955,82560,1044
2065,P,2732999,82600,76
2066,P,2733075,82640,969
2067,P,2734044,82680,57
2068,P,2734101,82720,905
2069,P,2735006,82760,66
2070,P,2735072,82800,734
2071,P,2735806,82840,58
2072,P,2735864,82880,496
2073,P,2736360,82920,79
2074,P,2736439,82960,500
2075,P,2736939,83000,63
2076,P,2737002,83040,47
2077,P,2737049,83080,590
2078,P,2737639,83120,72
2079,P,2737711,83160,690
2080,P,2738401,83200,115
2081,P,2738516,83240,717
2082,P,2739233,83280,55
2083,P,2739288,83320,580
2084,P,2739868,83360,64
2085,P,2739932,83400,562
2086,P,2740494,83440,58
2087,P,2740552,83480,526
2088,P,2741078,83520,45
2089,P,2741123,83560,437
2090,P,2741560,83600,91
2091,P,2741651,83640,355
2092,P,2742006,83680,49
2093,P,2742055,83720,6451
2094,P,2748506,83760,208
2095,P,2748714,83800,430
2096,P,2749144,83840,368
2097,P,2749512,83880,402
2098,P,2749914,83920,326
2099,P,2750240,83960,198
2100,I,2750438,84000,10480
2101,P,2760918,84040,324
2102,P,2761242,84080,320
2103,P,2761562,84120,349
2104,P,2761911,84160,449
2105,P,2762360,84200,695
2106,P,2763055,84240,397
2107,P,2763452,84280,552
2108,P,2764004,84320,564
2109,P,2764568,84360,482
2110,P,2765050,84400,569
2111,P,2765619,84440,431
2112,P,2766050,84480,400
2113,P,2766450,84520,435
2114,P,2766885,84560,431
2115,P,2767316,84600,483
2116,P,2767799,84640,469
2117,P,2768268,84680,480
2118,P,2768748,84720,498
2119,P,2769246,84760,669
2120,P,2769915,84800,889
2121,P,2770804,84840,618
2122,P,2771422,84880,600
2123,P,2772022,84920,521
2124,P,2772543,84960,459
2125,P,2773002,85000,772
2126,P,2773774,85040,374
2127,P,2774148,85080,202
2128,P,2774350,85120,234
2129,P,2774584,85160,222
2130,P,2774806,85200,9729
2131,P,2784535,85240,672
2132,P,2785207,85280,350
2133,P,2785557,85320,397
2134,P,2785954,85360,439
2135,P,2786393,85400,744
2136,P,2787137,85440,534
2137,P,2787671,85480,550
2138,P,2788221,85520,597
2139,P,2788818,85560,744
2140,P,2789562,85600,784
2141,P,2790346,85640,547
2142,P,2790893,85680,540
2143,P,2791433,85720,759
2144,P,2792192,85760,729
2145,P,2792921,85800,497
2146,P,2793418,85840,408
2147,P,2793826,85880,632
2148,P,2794458,85920,386
2149,P,2794844,85960,569
2150,I,2795413,86000,11536
2151,P,2806949,86040,686
2152,P,2807635,86080,531
2153,P,2808166,86120,936
2154,P,2809102,86160,596
2155,P,2809698,86200,981
2156,P,2810679,86240,1270
2157,P,2811949,86280,629
2158,P,2812578,86320,934
2159,P,2813512,86360,884
2160,P,2814396,86400,738
2161,P,2815134,86440,630
2162,P,2815764,86480,902
2163,P,2816666,86520,1047
2164,P,2817713,86560,757
2165,P,2818470,86600,865
2166,P,2819335,86640,811
2167,P,2820146,86680,1233
2168,P,2821379,86720,760
2169,P,2822139,86760,7010
2170,P,2829149,86800,898
2171,P,2830047,86840,1305
2172,P,2831352,86880,1201
2173,P,2832553,86920,784
2174,P,2833337,86960,833
2175,P,2834170,87000,773
2176,P,2834943,87040,1304
2177,P,2836247,87080,787
2178,P,2837034,87120,848
2179,P,2837882,87160,914
2180,P,2838796,87200,1183
2181,P,2839979,87240,1143
2182,P,2841122,87280,830
2183,P,2841952,87320,925
2184,P,2842877,87360,1127
2185,P,2844004,87400,1268
2186,P,2845272,87440,926
2187,P,2846198,87480,833
2188,P,2847031,87520,1264
2189,P,2848295,87560,760
2190,P,2849055,87600,1150
2191,P,2850205,87640,692
2192,P,2850897,87680,1052
2193,P,2851949,87720,682
2194,P,2852631,87760,1060
2195,P,2853691,87800,612
2196,P,2854303,87840,994
2197,P,2855297,87880,615
2198,P,2855912,87920,4353
2199,P,2860265,87960,213
2200,I,2860478,88000,10657
2201,P,2871135,88040,342
2202,P,2871477,88080,357
2203,P,2871834,88120,83
2204,P,2871917,88160,474
2205,P,2872391,88200,762
2206,P,2873153,88240,71
2207,P,2873224,88280,444
2208,P,2873668,88320,556
2209,P,2874224,88360,625
2210,P,2874849,88400,117
2211,P,2874966,88440,457
2212,P,2875423,88480,660
2213,P,2876083,88520,70
2214,P,2876153,88560,450
2215,P,2876603,88600,415
2216,P,2877018,88640,497
2217,P,2877515,88680,57
2218,P,2877572,88720,399
2219,P,2877971,88760,544
2220,P,2878515,88800,60
2221,P,2878575,88840,437
2222,P,2879012,88880,540
2223,P,2879552,88920,55
2224,P,2879607,88960,468
2225,P,2880075,89000,593
2226,P,2880668,89040,880
2227,P,2881548,89080,47
2228,P,2881595,89120,594
2229,P,2882189,89160,592
2230,P,2882781,89200,89
2231,P,2882870,89240,341
2232,P,2883211,89280,5089
2233,P,2888300,89320,1186
2234,P,2889486,89360,1330
2235,P,2890816,89400,902
2236,P,2891718,89440,824
2237,P,2892542,89480,1150
2238,P,2893692,89520,1167
2239,P,2894859,89560,734
2240,P,2895593,89600,777
2241,P,2896370,89640,721
2242,P,2897091,89680,1348
2243,P,2898439,89720,759
2244,P,2899198,89760,837
2245,P,2900035,89800,749
2246,P,2900784,89840,1146
2247,P,2901930,89880,586
2248,P,2902516,89920,519
2249,P,2903035,89960,527
2250,I,2903562,90000,9472
2251,P,2913034,90040,1187
2252,P,2914221,90080,647
2253,P,2914868,90120,1241
2254,P,2916109,90160,707
2255,P,2916816,90200,935
2256,P,2917751,90240,943
2257,P,2918694,90280,690
2258,P,2919384,90320,630
2259,P,2920014,90360,1031
2260,P,2921045,90400,967
2261,P,2922012,90440,658
2262,P,2922670,90480,664
2263,P,2923334,90520,894
2264,P,2924228,90560,606
2265,P,2924834,90600,933
2266,P,2925767,90640,700
2267,P,2926467,90680,975
2268,P,2927442,90720,685
2269,P,2928127,90760,939
2270,P,2929066,90800,705
2271,P,2929771,90840,952
2272,P,2930723,90880,555
2273,P,2931278,90920,637
2274,P,2931915,90960,792
2275,P,2932707,91000,690
2276,P,2933397,91040,465
2277,P,2933862,91080,471
2278,P,2934333,91120,563
2279,P,2934896,91160,620
2280,P,2935516,91200,513
2281,P,2936029,91240,476
2282,P,2936505,91280,540
2283,P,2937045,91320,689
2284,P,2937734,91360,493
2285,P,2938227,91400,472
2286,P,2938699,91440,483
2287,P,2939182,91480,722
2288,P,2939904,91520,414
2289,P,2940318,91560,443
2290,P,2940761,91600,384
2291,P,2941145,91640,296
2292,P,2941441,91680,323
2293,P,2941764,91720,6107
2294,P,2947871,91760,335
2295,P,2948206,91800,229
2296,P,2948435,91840,1007
2297,P,2949442,91880,313
2298,P,2949755,91920,319
2299,P,2950074,91960,192
2300,I,2950266,92000,11779
2301,P,2962045,92040,466
2302,P,2962511,92080,471
2303,P,2962982,92120,359
2304,P,2963341,92160,347
2305,P,2963688,92200,365
2306,P,2964053,92240,498
2307,P,2964551,92280,370
2308,P,2964921,92320,292
2309,P,2965213,92360,326
2310,P,2965539,92400,397
2311,P,2965936,92440,226
2312,P,2966162,92480,314
2313,P,2966476,92520,297
2314,P,2966773,92560,352
2315,P,2967125,92600,515
2316,P,2967640,92640,256
2317,P,2967896,92680,338
2318,P,2968234,92720,406
2319,P,2968640,92760,552
2320,P,2969192,92800,399
2321,P,2969591,92840,444
2322,P,2970035,92880,340
2323,P,2970375,92920,394
2324,P,2970769,92960,700
2325,P,2971469,93000,439
2326,P,2971908,93040,298
2327,P,2972206,93080,386
2328,P,2972592,93120,796
2329,P,2973388,93160,419
2330,P,2973807,93200,499
2331,P,2974306,93240,441
2332,P,2974747,93280,561
2333,P,2975308,93320,683
2334,P,2975991,93360,469
2335,P,2976460,93400,416
2336,P,2976876,93440,665
2337,P,2977541,93480,693
2338,P,2978234,93520,433
2339,P,2978667,93560,410
2340,P,2979077,93600,732
2341,P,2979809,93640,479
2342,P,2980288,93680,756
2343,P,2981044,93720,490
2344,P,2981534,93760,780
2345,P,2982314,93800,378
2346,P,2982692,93840,388
2347,P,2983080,93880,571
2348,P,2983651,93920,535
2349,P,2984186,93960,814
2350,I,2985000,94000,11179
2351,P,2996179,94040,746
2352,P,2996925,94080,847
2353,P,2997772,94120,542
2354,P,2998314,94160,507
2355,P,2998821,94200,483
2356,P,2999304,94240,865
2357,P,3000169,94280,518
2358,P,3000687,94320,538
2359,P,3001225,94360,430
2360,P,3001655,94400,899
2361,P,3002554,94440,517
2362,P,3003071,94480,507
2363,P,3003578,94520,497
2364,P,3004075,94560,491
2365,P,3004566,94600,825
2366,P,3005391,94640,496
2367,P,3005887,94680,539
2368,P,3006426,94720,514
2369,P,3006940,94760,839
2370,P,3007779,94800,590
2371,P,3008369,94840,511
2372,P,3008880,94880,554
2373,P,3009434,94920,824
2374,P,3010258,94960,888
2375,P,3011146,95000,704
2376,P,3011850,95040,641
2377,P,3012491,95080,914
2378,P,3013405,95120,880
2379,P,3014285,95160,647
2380,P,3014932,95200,746
2381,P,3015678,95240,983
2382,P,3016661,95280,534
2383,P,3017195,95320,837
2384,P,3018032,95360,532
2385,P,3018564,95400,734
2386,P,3019298,95440,457
2387,P,3019755,95480,695
2388,P,3020450,95520,346
2389,P,3020796,95560,620
2390,P,3021416,95600,418
2391,P,3021834,95640,416
2392,P,3022250,95680,506
2393,P,3022756,95720,538
2394,P,3023294,95760,357
2395,P,3023651,95800,316
2396,P,3023967,95840,287
2397,P,3024254,95880,428
2398,P,3024682,95920,4836
2399,P,3029518,95960,597
2400,I,3030115,96000,9846
2401,P,3039961,96040,1231
2402,P,3041192,96080,858
2403,P,3042050,96120,822
2404,P,3042872,96160,896
2405,P,3043768,96200,892
2406,P,3044660,96240,1123
2407,P,3045783,96280,501
2408,P,3046284,96320,499
2409,P,3046783,96360,357
2410,P,3047140,96400,1375
2411,P,3048515,96440,1706
2412,P,3050221,96480,1665
2413,P,3051886,96520,1990
2414,P,3053876,96560,1524
2415,P,3055400,96600,1205
2416,P,3056605,96640,1812
2417,P,3058417,96680,1166
2418,P,3059583,96720,1111
2419,P,3060694,96760,992
2420,P,3061686,96800,1135
2421,P,3062821,96840,1985
2422,P,3064806,96880,1030
2423,P,3065836,96920,1125
2424,P,3066961,96960,908
2425,P,3067869,97000,840
2426,P,3068709,97040,1032
2427,P,3069741,97080,785
2428,P,3070526,97120,747
2429,P,3071273,97160,783
2430,P,3072056,97200,780
2431,P,3072836,97240,926
2432,P,3073762,97280,626
2433,P,3074388,97320,589
2434,P,3074977,97360,7807
2435,P,3082784,97400,587
2436,P,3083371,97440,819
2437,P,3084190,97480,816
2438,P,3085006,97520,573
2439,P,3085579,97560,474
2440,P,3086053,97600,437
2441,P,3086490,97640,391
2442,P,3086881,97680,450
2443,P,3087331,97720,440
2444,P,3087771,97760,454
2445,P,3088225,97800,492
2446,P,3088717,97840,576
2447,P,3089293,97880,538
2448,P,3089831,97920,489
2449,P,3090320,97960,377
2450,I,3090697,98000,10709
2451,P,3101406,98040,643
2452,P,3102049,98080,646
2453,P,3102695,98120,815
2454,P,3103510,98160,808
2455,P,3104318,98200,891
2456,P,3105209,98240,715
2457,P,3105924,98280,758
2458,P,3106682,98320,903
2459,P,3107585,98360,988
2460,P,3108573,98400,836
2461,P,3109409,98440,799
2462,P,3110208,98480,539
2463,P,3110747,98520,376
2464,P,3111123,98560,390
2465,P,3111513,98600,499
2466,P,3112012,98640,521
2467,P,3112533,98680,619
2468,P,3113152,98720,550
2469,P,3113702,98760,487
2470,P,3114189,98800,525
2471,P,3114714,98840,449
2472,P,3115163,98880,358
2473,P,3115521,98920,391
2474,P,3115912,98960,383
2475,P,3116295,99000,352
2476,P,3116647,99040,297
2477,P,3116944,99080,7814
2478,P,3124758,99120,230
2479,P,3124988,99160,448
2480,P,3125436,99200,482
2481,P,3125918,99240,511
2482,P,3126429,99280,465
2483,P,3126894,99320,331
2484,P,3127225,99360,362
2485,P,3127587,99400,347
2486,P,3127934,99440,366
2487,P,3128300,99480,318
2488,P,3128618,99520,425
2489,P,3129043,99560,568
2490,P,3129611,99600,418
2491,P,3130029,99640,419
2492,P,3130448,99680,436
2493,P,3130884,99720,428
2494,P,3131312,99760,522
2495,P,3131834,99800,380
2496,P,3132214,99840,371
2497,P,3132585,99880,402
2498,P,3132987,99920,400
2499,P,3133387,99960,406
2500,I,3133793,100000,9464
2501,P,3143257,100040,499
2502,P,3143756,100080,502
2503,P,3144258,100120,678
2504,P,3144936,100160,1062
2505,P,3145998,100200,729
2506,P,3146727,100240,600
2507,P,3147327,100280,660
2508,P,3147987,100320,516
2509,P,3148503,100360,873
2510,P,3149376,100400,457
2511,P,3149833,100440,254
2512,P,3150087,100480,249
2513,P,3150336,100520,253
2514,P,3150589,100560,368
2515,P,3150957,100600,203
2516,P,3151160,100640,10212
2517,P,3161372,100680,409
2518,P,3161781,100720,593
2519,P,3162374,100760,513
2520,P,3162887,100800,411
2521,P,3163298,100840,704
2522,P,3164002,100880,700
2523,P,3164702,100920,484
2524,P,3165186,100960,897
2525,P,3166083,101000,1503
2526,P,3167586,101040,505
2527,P,3168091,101080,926
2528,P,3169017,101120,733
2529,P,3169750,101160,472
2530,P,3170222,101200,954
2531,P,3171176,101240,856
2532,P,3172032,101280,495
2533,P,3172527,101320,1007
2534,P,3173534,101360,929
2535,P,3174463,101400,1059
2536,P,3175522,101440,579
2537,P,3176101,101480,866
2538,P,3176967,101520,1014
2539,P,3177981,101560,521
2540,P,3178502,101600,804
2541,P,3179306,101640,1168
2542,P,3180474,101680,728
2543,P,3181202,101720,1066
2544,P,3182268,101760,1246
2545,P,3183514,101800,706
2546,P,3184220,101840,5102
2547,P,3189322,101880,1441
2548,P,3190763,101920,614
2549,P,3191377,101960,837
2550,I,3192214,102000,8847
2551,P,3201061,102040,1012
2552,P,3202073,102080,772
2553,P,3202845,102120,1245
2554,P,3204090,102160,1161
2555,P,3205251,102200,761
2556,P,3206012,102240,1324
2557,P,3207336,102280,1185
2558,P,3208521,102320,841
2559,P,3209362,102360,1310
2560,P,3210672,102400,1109
2561,P,3211781,102440,646
2562,P,3212427,102480,1274
2563,P,3213701,102520,1055
2564,P,3214756,102560,741
2565,P,3215497,102600,1256
2566,P,3216753,102640,1077
2567,P,3217830,102680,1153
2568,P,3218983,102720,1261
2569,P,3220244,102760,1072
2570,P,3221316,102800,1214
2571,P,3222530,102840,1063
2572,P,3223593,102880,991
2573,P,3224584,102920,1003
2574,P,3225587,102960,1033
2575,P,3226620,103000,967
2576,P,3227587,103040,1017
2577,P,3228604,103080,977
2578,P,3229581,103120,861
2579,P,3230442,103160,707
2580,P,3231149,103200,780
2581,P,3231929,103240,733
2582,P,3232662,103280,929
2583,P,3233591,103320,815
2584,P,3234406,103360,739
2585,P,3235145,103400,711
2586,P,3235856,103440,286
2587,P,3236142,103480,158
2588,P,3236300,103520,1258
2589,P,3237558,103560,1102
2590,P,3238660,103600,1231
2591,P,3239891,103640,1040
2592,P,3240931,103680,992
2593,P,3241923,103720,1292
2594,P,3243215,103760,1030
2595,P,3244245,103800,775
2596,P,3245020,103840,864
2597,P,3245884,103880,440
2598,P,3246324,103920,441
2599,P,3246765,103960,277
2600,I,3247042,104000,10017
2601,P,3257059,104040,397
2602,P,3257456,104080,588
2603,P,3258044,104120,553
2604,P,3258597,104160,929
2605,P,3259526,104200,1068
2606,P,3260594,104240,596
2607,P,3261190,104280,1077
2608,P,3262267,104320,929
2609,P,3263196,104360,1161
2610,P,3264357,104400,1005
2611,P,3265362,104440,1241
2612,P,3266603,104480,803
2613,P,3267406,104520,754
2614,P,3268160,104560,605
2615,P,3268765,104600,204
2616,P,3268969,104640,543
2617,P,3269512,104680,78
2618,P,3269590,104720,685
2619,P,3270275,104760,73
2620,P,3270348,104800,665
2621,P,3271013,104840,68
2622,P,3271081,104880,497
2623,P,3271578,104920,659
2624,P,3272237,104960,217
2625,P,3272454,105000,62
2626,P,3272516,105040,78
2627,P,3272594,105080,67
2628,P,3272661,105120,51
2629,P,3272712,105160,64
2630,P,3272776,105200,166
2631,P,3272942,105240,66
2632,P,3273008,105280,53
2633,P,3273061,105320,60
2634,P,3273121,105360,68
2635,P,3273189,105400,51
2636,P,3273240,105440,865
2637,P,3274105,105480,40
2638,P,3274145,105520,100
2639,P,3274245,105560,53
2640,P,3274298,105600,126
2641,P,3274424,105640,105
2642,P,3274529,105680,52
2643,P,3274581,105720,48
2644,P,3274629,105760,58
2645,P,3274687,105800,55
2646,P,3274742,105840,42
2647,P,3274784,105880,49
2648,P,3274833,105920,55
2649,P,3274888,105960,51
2650,I,3274939,106000,14024
2651,P,3288963,106040,126
2652,P,3289089,106080,79
2653,P,3289168,106120,66
2654,P,3289234,106160,121
2655,P,3289355,106200,60
2656,P,3289415,106240,106
2657,P,3289521,106280,87
2658,P,3289608,106320,75
2659,P,3289683,106360,78
2660,P,3289761,106400,84
2661,P,3289845,106440,45
2662,P,3289890,106480,55
2663,P,3289945,106520,48
2664,P,3289993,106560,52
2665,P,3290045,106600,52
2666,P,3290097,106640,38
2667,P,3290135,106680,48
2668,P,3290183,106720,131
2669,P,3290314,106760,53
2670,P,3290367,106800,122
2671,P,3290489,106840,62
2672,P,3290551,106880,63
2673,P,3290614,106920,59
2674,P,3290673,106960,64
2675,P,3290737,107000,51
2676,P,3290788,107040,43
2677,P,3290831,107080,52
2678,P,3290883,107120,60
2679,P,3290943,107160,55
2680,P,3290998,107200,110
2681,P,3291108,107240,99
2682,P,3291207,107280,56
2683,P,3291263,107320,48
2684,P,3291311,107360,57
2685,P,3291368,107400,52
2686,P,3291420,107440,74
2687,P,3291494,107480,52
2688,P,3291546,107520,113
2689,P,3291659,107560,54
2690,P,3291713,107600,104
2691,P,3291817,107640,53
2692,P,3291870,107680,59
2693,P,3291929,107720,49
2694,P,3291978,107760,59
2695,P,3292037,107800,590
2696,P,3292627,107840,40
2697,P,3292667,107880,84
2698,P,3292751,107920,56
2699,P,3292807,107960,50
2700,I,3292857,108000,10215
2701,P,3303072,108040,114
2702,P,3303186,108080,123
2703,P,3303309,108120,63
2704,P,3303372,108160,249
2705,P,3303621,108200,85
2706,P,3303706,108240,237
2707,P,3303943,108280,52
2708,P,3303995,108320,2022
2709,P,3306017,108360,1010
2710,P,3307027,108400,782
2711,P,3307809,108440,698
2712,P,3308507,108480,692
2713,P,3309199,108520,634
2714,P,3309833,108560,670
2715,P,3310503,108600,643
2716,P,3311146,108640,638
2717,P,3311784,108680,649
2718,P,3312433,108720,671
2719,P,3313104,108760,631
2720,P,3313735,108800,640
2721,P,3314375,108840,584
2722,P,3314959,108880,586
2723,P,3315545,108920,620
2724,P,3316165,108960,611
2725,P,3316776,109000,610
2726,P,3317386,109040,583
2727,P,3317969,109080,573
2728,P,3318542,109120,619
2729,P,3319161,109160,572
2730,P,3319733,109200,659
2731,P,3320392,109240,560
2732,P,3320952,109280,585
2733,P,3321537,109320,601
2734,P,3322138,109360,575
2735,P,3322713,109400,523
2736,P,3323236,109440,566
2737,P,3323802,109480,522
2738,P,3324324,109520,604
2739,P,3324928,109560,540
2740,P,3325468,109600,629
2741,P,3326097,109640,594
2742,P,3326691,109680,493
2743,P,3327184,109720,537
2744,P,3327721,109760,496
2745,P,3328217,109800,511
2746,P,3328728,109840,440
2747,P,3329168,109880,415
2748,P,3329583,109920,328
2749,P,3329911,109960,312
2750,I,3330223,110000,3526
2751,P,3333749,110040,487
2752,P,3334236,110080,476
2753,P,3334712,110120,476
2754,P,3335188,110160,498
2755,P,3335686,110200,413
2756,P,3336099,110240,509
2757,P,3336608,110280,66
2758,P,3336674,110320,7689
2759,P,3344363,110360,2902
2760,P,3347265,110400,2364
2761,P,3349629,110440,2391
2762,P,3352020,110480,1886
2763,P,3353906,110520,1462
2764,P,3355368,110560,1823
2765,P,3357191,110600,1971
2766,P,3359162,110640,1832
2767,P,3360994,110680,2025
2768,P,3363019,110720,2100
2769,P,3365119,110760,2260
2770,P,3367379,110800,2400
2771,P,3369779,110840,2490
2772,P,3372269,110880,2470
2773,P,3374739,110920,1996
2774,P,3376735,110960,2598
2775,P,3379333,111000,2717
2776,P,3382050,111040,2319
2777,P,3384369,111080,2083
2778,P,3386452,111120,2451
2779,P,3388903,111160,2617
2780,P,3391520,111200,2991
2781,P,3394511,111240,1797
2782,P,3396308,111280,2134
2783,P,3398442,111320,2033
2784,P,3400475,111360,2269
2785,P,3402744,111400,1905
2786,P,3404649,111440,1531
2787,P,3406180,111480,1466
2788,P,3407646,111520,10291
2789,P,3417937,111560,1791
2790,P,3419728,111600,2181
2791,P,3421909,111640,2165
2792,P,3424074,111680,2107
2793,P,3426181,111720,2167
2794,P,3428348,111760,2075
2795,P,3430423,111800,1874
2796,P,3432297,111840,1833
2797,P,3434130,111880,1832
2798,P,3435962,111920,1735
2799,P,3437697,111960,1596
2800,I,3439293,112000,13000
2801,P,3452293,112040,1950
2802,P,3454243,112080,2417
2803,P,3456660,112120,2454
2804,P,3459114,112160,2435
2805,P,3461549,112200,2308
2806,P,3463857,112240,2712
2807,P,3466569,112280,2806
2808,P,3469375,112320,2305
2809,P,3471680,112360,2064
2810,P,3473744,112400,2055
2811,P,3475799,112440,1863
2812,P,3477662,112480,1689
2813,P,3479351,112520,1568
2814,P,3480919,112560,4940
2815,P,3485859,112600,526
2816,P,3486385,112640,856
2817,P,3487241,112680,935
2818,P,3488176,112720,894
2819,P,3489070,112760,975
2820,P,3490045,112800,956
2821,P,3491001,112840,1074
2822,P,3492075,112880,1133
2823,P,3493208,112920,1024
2824,P,3494232,112960,1097
2825,P,3495329,113000,1134
2826,P,3496463,113040,1069
2827,P,3497532,113080,1041
2828,P,3498573,113120,1060
2829,P,3499633,113160,1103
2830,P,3500736,113200,1039
2831,P,3501775,113240,1045
2832,P,3502820,113280,1091
2833,P,3503911,113320,871
2834,P,3504782,113360,855
2835,P,3505637,113400,900
2836,P,3506537,113440,728
2837,P,3507265,113480,845
2838,P,3508110,113520,767
2839,P,3508877,113560,997
2840,P,3509874,113600,1003
2841,P,3510877,113640,1010
2842,P,3511887,113680,1004
2843,P,3512891,113720,918
2844,P,3513809,113760,948
2845,P,3514757,113800,975
2846,P,3515732,113840,881
2847,P,3516613,113880,851
2848,P,3517464,113920,619
2849,P,3518083,113960,596
2850,I,3518679,114000,5951
2851,P,3524630,114040,758
2852,P,3525388,114080,1070
2853,P,3526458,114120,1193
2854,P,3527651,114160,1031
2855,P,3528682,114200,902
2856,P,3529584,114240,781
2857,P,3530365,114280,900
2858,P,3531265,114320,920
2859,P,3532185,114360,817
2860,P,3533002,114400,841
2861,P,3533843,114440,755
2862,P,3534598,114480,721
2863,P,3535319,114520,703
2864,P,3536022,114560,1361
2865,P,3537383,114600,819
2866,P,3538202,114640,741
2867,P,3538943,114680,676
2868,P,3539619,114720,491
2869,P,3540110,114760,6176
2870,P,3546286,114800,413
2871,P,3546699,114840,286
2872,P,3546985,114880,307
2873,P,3547292,114920,463
2874,P,3547755,114960,471
2875,P,3548226,115000,387
2876,P,3548613,115040,434
2877,P,3549047,115080,428
2878,P,3549475,115120,614
2879,P,3550089,115160,507
2880,P,3550596,115200,531
2881,P,3551127,115240,503
2882,P,3551630,115280,507
2883,P,3552137,115320,692
2884,P,3552829,115360,453
2885,P,3553282,115400,440
2886,P,3553722,115440,403
2887,P,3554125,115480,379
2888,P,3554504,115520,454
2889,P,3554958,115560,385
2890,P,3555343,115600,418
2891,P,3555761,115640,326
2892,P,3556087,115680,340
2893,P,3556427,115720,409
2894,P,3556836,115760,1023
2895,P,3557859,115800,316
2896,P,3558175,115840,319
2897,P,3558494,115880,272
2898,P,3558766,115920,364
2899,P,3559130,115960,178
2900,I,3559308,116000,8317
2901,P,3567625,116040,448
2902,P,3568073,116080,900
2903,P,3568973,116120,758
2904,P,3569731,116160,875
2905,P,3570606,116200,924
2906,P,3571530,116240,1023
2907,P,3572553,116280,1862
2908,P,3574415,116320,1574
2909,P,3575989,116360,1814
2910,P,3577803,116400,1786
2911,P,3579589,116440,1390
2912,P,3580979,116480,1784
2913,P,3582763,116520,1284
2914,P,3584047,116560,1293
2915,P,3585340,116600,1189
2916,P,3586529,116640,1248
2917,P,3587777,116680,1814
2918,P,3589591,116720,1233
2919,P,3590824,116760,1256
2920,P,3592080,116800,1312
2921,P,3593392,116840,1187
2922,P,3594579,116880,1746
2923,P,3596325,116920,1025
2924,P,3597350,116960,1013
2925,P,3598363,117000,788
2926,P,3599151,117040,6994
2927,P,3606145,117080,344
2928,P,3606489,117120,403
2929,P,3606892,117160,364
2930,P,3607256,117200,817
2931,P,3608073,117240,383
2932,P,3608456,117280,541
2933,P,3608997,117320,540
2934,P,3609537,117360,513
2935,P,3610050,117400,612
2936,P,3610662,117440,397
2937,P,3611059,117480,388
2938,P,3611447,117520,422
2939,P,3611869,117560,421
2940,P,3612290,117600,499
2941,P,3612789,117640,460
2942,P,3613249,117680,495
2943,P,3613744,117720,468
2944,P,3614212,117760,600
2945,P,3614812,117800,852
2946,P,3615664,117840,630
2947,P,3616294,117880,552
2948,P,3616846,117920,408
2949,P,3617254,117960,299
2950,I,3617553,118000,8530
2951,P,3626083,118040,351
2952,P,3626434,118080,201
2953,P,3626635,118120,241
2954,P,3626876,118160,279
2955,P,3627155,118200,4577
2956,P,3631732,118240,823
2957,P,3632555,118280,1345
2958,P,3633900,118320,1200
2959,P,3635100,118360,1184
2960,P,3636284,118400,1323
2961,P,3637607,118440,1198
2962,P,3638805,118480,1921
2963,P,3640726,118520,1205
2964,P,3641931,118560,1199
2965,P,3643130,118600,1218
2966,P,3644348,118640,1110
2967,P,3645458,118680,1303
2968,P,3646761,118720,1117
2969,P,3647878,118760,1130
2970,P,3649008,118800,1152
2971,P,3650160,118840,1146
2972,P,3651306,118880,1118
2973,P,3652424,118920,1152
2974,P,3653576,118960,1129
2975,P,3654705,119000,1056
2976,P,3655761,119040,1092
2977,P,3656853,119080,1184
2978,P,3658037,119120,1111
2979,P,3659148,119160,1132
2980,P,3660280,119200,1073
2981,P,3661353,119240,1176
2982,P,3662529,119280,1122
2983,P,3663651,119320,1055
2984,P,3664706,119360,1055
2985,P,3665761,119400,1194
2986,P,3666955,119440,1128
2987,P,3668083,119480,1014
2988,P,3669097,119520,1051
2989,P,3670148,119560,1042
2990,P,3671190,119600,1086
2991,P,3672276,119640,1092
2992,P,3673368,119680,902
2993,P,3674270,119720,995
2994,P,3675265,119760,835
2995,P,3676100,119800,915
2996,P,3677015,119840,692
2997,P,3677707,119880,713
2998,P,3678420,119920,439
2999,P,3678859,119960,377
3000,I,3679236,120000,6475
3001,P,3685711,120040,689
3002,P,3686400,120080,1379
3003,P,3687779,120120,1324
3004,P,3689103,120160,1294
3005,P,3690397,120200,1383
3006,P,3691780,120240,1322
3007,P,3693102,120280,1322
3008,P,3694424,120320,1279
3009,P,3695703,120360,1327
3010,P,3697030,120400,1220
3011,P,3698250,120440,1281
3012,P,3699531,120480,1282
3013,P,3700813,120520,1186
3014,P,3701999,120560,1250
3015,P,3703249,120600,1163
3016,P,3704412,120640,1157
3017,P,3705569,120680,1191
3018,P,3706760,120720,1090
3019,P,3707850,120760,1161
3020,P,3709011,120800,948
3021,P,3709959,120840,1217
3022,P,3711176,120880,829
3023,P,3712005,120920,996
3024,P,3713001,120960,657
3025,P,3713658,121000,824
3026,P,3714482,121040,475
3027,P,3714957,121080,351
3028,P,3715308,121120,5366
3029,P,3720674,121160,60
3030,P,3720734,121200,422
3031,P,3721156,121240,605
3032,P,3721761,121280,650
3033,P,3722411,121320,550
3034,P,3722961,121360,572
3035,P,3723533,121400,511
3036,P,3724044,121440,810
3037,P,3724854,121480,608
3038,P,3725462,121520,705
3039,P,3726167,121560,816
3040,P,3726983,121600,667
3041,P,3727650,121640,581
3042,P,3728231,121680,574
3043,P,3728805,121720,558
3044,P,3729363,121760,668
3045,P,3730031,121800,44
3046,P,3730075,121840,492
3047,P,3730567,121880,487
3048,P,3731054,121920,484
3049,P,3731538,121960,324
3050,I,3731862,122000,6659
3051,P,3738521,122040,566
3052,P,3739087,122080,868
3053,P,3739955,122120,912
3054,P,3740867,122160,65
3055,P,3740932,122200,640
3056,P,3741572,122240,895
3057,P,3742467,122280,729
3058,P,3743196,122320,735
3059,P,3743931,122360,994
3060,P,3744925,122400,822
3061,P,3745747,122440,1051
3062,P,3746798,122480,55
3063,P,3746853,122520,747
3064,P,3747600,122560,698
3065,P,3748298,122600,862
3066,P,3749160,122640,702
3067,P,3749862,122680,883
3068,P,3750745,122720,847
3069,P,3751592,122760,838
3070,P,3752430,122800,1042
3071,P,3753472,122840,77
3072,P,3753549,122880,782
3073,P,3754331,122920,1773
3074,P,3756104,122960,894
3075,P,3756998,123000,884
3076,P,3757882,123040,966
3077,P,3758848,123080,967
3078,P,3759815,123120,1200
3079,P,3761015,123160,70
3080,P,3761085,123200,928
3081,P,3762013,123240,1010
3082,P,3763023,123280,1154
3083,P,3764177,123320,1010
3084,P,3765187,123360,1161
3085,P,3766348,123400,731
3086,P,3767079,123440,875
3087,P,3767954,123480,1070
3088,P,3769024,123520,63
3089,P,3769087,123560,650
3090,P,3769737,123600,748
3091,P,3770485,123640,937
3092,P,3771422,123680,766
3093,P,3772188,123720,1018
3094,P,3773206,123760,736
3095,P,3773942,123800,812
3096,P,3774754,123840,48
3097,P,3774802,123880,744
3098,P,3775546,123920,549
3099,P,3776095,123960,575
3100,I,3776670,124000,6680
3101,P,3783350,124040,713
3102,P,3784063,124080,1022
3103,P,3785085,124120,926
3104,P,3786011,124160,1115
3105,P,3787126,124200,71
3106,P,3787197,124240,775
3107,P,3787972,124280,893
3108,P,3788865,124320,1095
3109,P,3789960,124360,903
3110,P,3790863,124400,1140
3111,P,3792003,124440,943
3112,P,3792946,124480,987
3113,P,3793933,124520,51
3114,P,3793984,124560,1075
3115,P,3795059,124600,956
3116,P,3796015,124640,1112
3117,P,3797127,124680,1021
3118,P,3798148,124720,1075
3119,P,3799223,124760,1239
3120,P,3800462,124800,961
3121,P,3801423,124840,63
3122,P,3801486,124880,1207
3123,P,3802693,124920,927
3124,P,3803620,124960,1093
3125,P,3804713,125000,1125
3126,P,3805838,125040,974
3127,P,3806812,125080,1111
3128,P,3807923,125120,881
3129,P,3808804,125160,919
3130,P,3809723,125200,105
3131,P,3809828,125240,991
3132,P,3810819,125280,991
3133,P,3811810,125320,1181
3134,P,3812991,125360,909
3135,P,3813900,125400,908
3136,P,3814808,125440,1112
3137,P,3815920,125480,835
3138,P,3816755,125520,57
3139,P,3816812,125560,931
3140,P,3817743,125600,862
3141,P,3818605,125640,887
3142,P,3819492,125680,1417
3143,P,3820909,125720,881
3144,P,3821790,125760,978
3145,P,3822768,125800,795
3146,P,3823563,125840,755
3147,P,3824318,125880,58
3148,P,3824376,125920,589
3149,P,3824965,125960,501
3150,I,3825466,126000,5873
3151,P,3831339,126040,634
3152,P,3831973,126080,869
3153,P,3832842,126120,1144
3154,P,3833986,126160,1105
3155,P,3835091,126200,47
3156,P,3835138,126240,1104
3157,P,3836242,126280,1070
3158,P,3837312,126320,1040
3159,P,3838352,126360,1055
3160,P,3839407,126400,725
3161,P,3840132,126440,910
3162,P,3841042,126480,753
3163,P,3841795,126520,942
3164,P,3842737,126560,63
3165,P,3842800,126600,1185
3166,P,3843985,126640,1067
3167,P,3845052,126680,1438
3168,P,3846490,126720,1286
3169,P,3847776,126760,1489
3170,P,3849265,126800,1761
3171,P,3851026,126840,1432
3172,P,3852458,126880,66
3173,P,3852524,126920,1611
3174,P,3854135,126960,1271
3175,P,3855406,127000,1334
3176,P,3856740,127040,1565
3177,P,3858305,127080,1043
3178,P,3859348,127120,1301
3179,P,3860649,127160,1148
3180,P,3861797,127200,1149
3181,P,3862946,127240,76
3182,P,3863022,127280,1006
3183,P,3864028,127320,968
3184,P,3864996,127360,1069
3185,P,3866065,127400,1104
3186,P,3867169,127440,1080
3187,P,3868249,127480,1114
3188,P,3869363,127520,993
3189,P,3870356,127560,66
3190,P,3870422,127600,972
3191,P,3871394,127640,969
3192,P,3872363,127680,762
3193,P,3873125,127720,886
3194,P,3874011,127760,864
3195,P,3874875,127800,596
3196,P,3875471,127840,679
3197,P,3876150,127880,54
3198,P,3876204,127920,304
3199,P,3876508,127960,311
3200,I,3876819,128000,6759
3201,P,3883578,128040,500
3202,P,3884078,128080,823
3203,P,3884901,128120,926
3204,P,3885827,128160,888
3205,P,3886715,128200,656
3206,P,3887371,128240,294
3207,P,3887665,128280,660
3208,P,3888325,128320,846
3209,P,3889171,128360,816
3210,P,3889987,128400,935
3211,P,3890922,128440,749
3212,P,3891671,128480,504
3213,P,3892175,128520,607
3214,P,3892782,128560,499
3215,P,3893281,128600,681
3216,P,3893962,128640,517
3217,P,3894479,128680,730
3218,P,3895209,128720,834
3219,P,3896043,128760,770
3220,P,3896813,128800,987
3221,P,3897800,128840,921
3222,P,3898721,128880,1043
3223,P,3899764,128920,739
3224,P,3900503,128960,155
3225,P,3900658,129000,138
3226,P,3900796,129040,135
3227,P,3900931,129080,319
3228,P,3901250,129120,426
3229,P,3901676,129160,543
3230,P,3902219,129200,669
3231,P,3902888,129240,869
3232,P,3903757,129280,951
3233,P,3904708,129320,985
3234,P,3905693,129360,684
3235,P,3906377,129400,85
3236,P,3906462,129440,41
3237,P,3906503,129480,61
3238,P,3906564,129520,44
3239,P,3906608,129560,48
3240,P,3906656,129600,69
3241,P,3906725,129640,49
3242,P,3906774,129680,39
3243,P,3906813,129720,27
3244,P,3906840,129760,46
3245,P,3906886,129800,43
3246,P,3906929,129840,39
3247,P,3906968,129880,34
3248,P,3907002,129920,37
3249,P,3907039,129960,34
3250,I,3907073,130000,2836
3251,P,3909909,130040,53
3252,P,3909962,130080,27
3253,P,3909989,130120,33
3254,P,3910022,130160,62
3255,P,3910084,130200,39
3256,P,3910123,130240,38
3257,P,3910161,130280,55
3258,P,3910216,130320,43
3259,P,3910259,130360,48
3260,P,3910307,130400,45
3261,P,3910352,130440,37
3262,P,3910389,130480,34
3263,P,3910423,130520,27
3264,P,3910450,130560,31
3265,P,3910481,130600,32
3266,P,3910513,130640,28
3267,P,3910541,130680,30
3268,P,3910571,130720,31
3269,P,3910602,130760,29
3270,P,3910631,130800,55
3271,P,3910686,130840,47
3272,P,3910733,130880,35
3273,P,3910768,130920,31
3274,P,3910799,130960,116
3275,P,3910915,131000,442
3276,P,3911357,131040,623
3277,P,3911980,131080,579
3278,P,3912559,131120,533
3279,P,3913092,131160,493
3280,P,3913585,131200,516
3281,P,3914101,131240,348
3282,P,3914449,131280,225
3283,P,3914674,131320,232
3284,P,3914906,131360,201
3285,P,3915107,131400,174
3286,P,3915281,131440,122
3287,P,3915403,131480,145
3288,P,3915548,131520,110
3289,P,3915658,131560,151
