0,I,0,0,11439
1,P,11439,40,1944
2,P,13383,80,4196
3,P,17579,120,3942
4,P,21521,160,2948
5,P,24469,200,4580
6,P,29049,240,2820
7,P,31869,280,4482
8,P,36351,320,2231
9,P,38582,360,3716
10,P,42298,400,1001
11,P,43299,440,1670
12,P,44969,480,3262
13,P,48231,520,1979
14,P,50210,560,2219
15,P,52429,600,3876
16,P,56305,640,2427
17,P,58732,680,2474
18,P,61206,720,5676
19,P,66882,760,2565
20,P,69447,800,2681
21,P,72128,840,3427
22,P,75555,880,1747
23,P,77302,920,1372
24,P,78674,960,2585
25,P,81259,1000,2422
26,P,83681,1040,3537
27,P,87218,1080,2387
28,P,89605,1120,3467
29,P,93072,1160,2303
30,P,95375,1200,3991
31,P,99366,1240,3914
32,P,103280,1280,2404
33,P,105684,1320,2340
34,P,108024,1360,3179
35,P,111203,1400,1879
36,P,113082,1440,1942
37,P,115024,1480,3720
38,P,118744,1520,1652
39,P,120396,1560,1560
40,P,121956,1600,7121
41,P,129077,1640,4347
42,P,133424,1680,3198
43,P,136622,1720,3462
44,P,140084,1760,5518
45,P,145602,1800,3003
46,P,148605,1840,1200
47,P,149805,1880,1485
48,P,151290,1920,983
49,P,152273,1960,1237
50,I,153510,2000,13119
51,P,166629,2040,2243
52,P,168872,2080,2751
53,P,171623,2120,4948
54,P,176571,2160,2653
55,P,179224,2200,3125
56,P,182349,2240,6977
57,P,189326,2280,133
58,P,189459,2320,38
59,P,189497,2360,36
60,P,189533,2400,35
61,P,189568,2440,1544
62,P,191112,2480,1491
63,P,192603,2520,1856
64,P,194459,2560,3242
65,P,197701,2600,1209
66,P,198910,2640,1753
67,P,200663,2680,2853
68,P,203516,2720,4305
69,P,207821,2760,3254
70,P,211075,2800,5277
71,P,216352,2840,2974
72,P,219326,2880,2704
73,P,222030,2920,1470
74,P,223500,2960,1032
75,P,224532,3000,1003
76,P,225535,3040,2191
77,P,227726,3080,2354
78,P,230080,3120,2343
79,P,232423,3160,2267
80,P,234690,3200,3406
81,P,238096,3240,2665
82,P,240761,3280,3063
83,P,243824,3320,4195
84,P,248019,3360,2001
85,P,250020,3400,2425
86,P,252445,3440,3357
87,P,255802,3480,1405
88,P,257207,3520,958
89,P,258165,3560,2334
90,P,260499,3600,2489
91,P,262988,3640,3240
92,P,266228,3680,2839
93,P,269067,3720,11745
94,P,280812,3760,2797
95,P,283609,3800,1547
96,P,285156,3840,1531
97,P,286687,3880,1859
98,P,288546,3920,2515
99,P,291061,3960,2530
100,I,293591,4000,13732
101,P,307323,4040,1857
102,P,309180,4080,4684
103,P,313864,4120,2627
104,P,316491,4160,2201
105,P,318692,4200,5149
106,P,323841,4240,1295
107,P,325136,4280,890
108,P,326026,4320,2204
109,P,328230,4360,3075
110,P,331305,4400,2051
111,P,333356,4440,3432
112,P,336788,4480,2265
113,P,339053,4520,3046
114,P,342099,4560,2062
115,P,344161,4600,3717
116,P,347878,4640,2610
117,P,350488,4680,3571
118,P,354059,4720,3344
119,P,357403,4760,1550
120,P,358953,4800,1854
121,P,360807,4840,3405
122,P,364212,4880,1844
123,P,366056,4920,1795
124,P,367851,4960,3405
125,P,371256,5000,1749
126,P,373005,5040,1895
127,P,374900,5080,2994
128,P,377894,5120,2381
129,P,380275,5160,2841
130,P,383116,5200,3233
131,P,386349,5240,4875
132,P,391224,5280,3617
133,P,394841,5320,1716
134,P,396557,5360,2509
135,P,399066,5400,1419
136,P,400485,5440,1887
137,P,402372,5480,2357
138,P,404729,5520,2676
139,P,407405,5560,2779
140,P,410184,5600,3607
141,P,413791,5640,2702
142,P,416493,5680,2268
143,P,418761,5720,3529
144,P,422290,5760,1405
145,P,423695,5800,842
146,P,424537,5840,1404
147,P,425941,5880,1492
148,P,427433,5920,1026
149,P,428459,5960,135
150,I,428594,6000,2863
151,P,431457,6040,133
152,P,431590,6080,96
153,P,431686,6120,87
154,P,431773,6160,127
155,P,431900,6200,36
156,P,431936,6240,80
157,P,432016,6280,87
158,P,432103,6320,98
159,P,432201,6360,96
160,P,432297,6400,62
161,P,432359,6440,5639
162,P,437998,6480,4258
163,P,442256,6520,3918
164,P,446174,6560,2988
165,P,449162,6600,3843
166,P,453005,6640,2883
167,P,455888,6680,3464
168,P,459352,6720,3379
169,P,462731,6760,2761
170,P,465492,6800,3128
171,P,468620,6840,3938
172,P,472558,6880,2992
173,P,475550,6920,4413
174,P,479963,6960,4057
175,P,484020,7000,3216
176,P,487236,7040,3516
177,P,490752,7080,4480
178,P,495232,7120,3057
179,P,498289,7160,3677
180,P,501966,7200,5328
181,P,507294,7240,3679
182,P,510973,7280,4629
183,P,515602,7320,5460
184,P,521062,7360,3768
185,P,524830,7400,5170
186,P,530000,7440,4490
187,P,534490,7480,2593
188,P,537083,7520,3533
189,P,540616,7560,4561
190,P,545177,7600,3253
191,P,548430,7640,3951
192,P,552381,7680,4248
193,P,556629,7720,3098
194,P,559727,7760,3054
195,P,562781,7800,3724
196,P,566505,7840,2665
197,P,569170,7880,2017
198,P,571187,7920,2209
199,P,573396,7960,1349
200,I,574745,8000,19181
201,P,593926,8040,11055
202,P,604981,8080,1541
203,P,606522,8120,3810
204,P,610332,8160,1185
205,P,611517,8200,1496
206,P,613013,8240,855
207,P,613868,8280,1224
208,P,615092,8320,1581
209,P,616673,8360,718
210,P,617391,8400,948
211,P,618339,8440,1394
212,P,619733,8480,684
213,P,620417,8520,1646
214,P,622063,8560,3127
215,P,625190,8600,1431
216,P,626621,8640,1691
217,P,628312,8680,1902
218,P,630214,8720,902
219,P,631116,8760,1095
220,P,632211,8800,1440
221,P,633651,8840,954
222,P,634605,8880,22199
223,P,656804,8920,2307
224,P,659111,8960,2716
225,P,661827,9000,2536
226,P,664363,9040,2531
227,P,666894,9080,2594
228,P,669488,9120,2322
229,P,671810,9160,2339
230,P,674149,9200,2478
231,P,676627,9240,2515
232,P,679142,9280,2820
233,P,681962,9320,2476
234,P,684438,9360,2609
235,P,687047,9400,2571
236,P,689618,9440,2244
237,P,691862,9480,2554
238,P,694416,9520,2912
239,P,697328,9560,2846
240,P,700174,9600,2268
241,P,702442,9640,2723
242,P,705165,9680,2664
243,P,707829,9720,1944
244,P,709773,9760,2487
245,P,712260,9800,2468
246,P,714728,9840,1684
247,P,716412,9880,2037
248,P,718449,9920,1644
249,P,720093,9960,1208
250,I,721301,10000,18134
251,P,739435,10040,12806
252,P,752241,10080,2467
253,P,754708,10120,3591
254,P,758299,10160,3811
255,P,762110,10200,2864
256,P,764974,10240,2980
257,P,767954,10280,2899
258,P,770853,10320,2880
259,P,773733,10360,2967
260,P,776700,10400,3736
261,P,780436,10440,2782
262,P,783218,10480,3262
263,P,786480,10520,3293
264,P,789773,10560,2931
265,P,792704,10600,3255
266,P,795959,10640,4050
267,P,800009,10680,3186
268,P,803195,10720,3493
269,P,806688,10760,4079
270,P,810767,10800,2894
271,P,813661,10840,3372
272,P,817033,10880,6475
273,P,823508,10920,2998
274,P,826506,10960,3365
275,P,829871,11000,3725
276,P,833596,11040,2906
277,P,836502,11080,3195
278,P,839697,11120,3840
279,P,843537,11160,3311
280,P,846848,11200,3465
281,P,850313,11240,3951
282,P,854264,11280,4255
283,P,858519,11320,3117
284,P,861636,11360,3818
285,P,865454,11400,4018
286,P,869472,11440,3022
287,P,872494,11480,4347
288,P,876841,11520,4338
289,P,881179,11560,3851
290,P,885030,11600,6124
291,P,891154,11640,7266
292,P,898420,11680,4440
293,P,902860,11720,7128
294,P,909988,11760,7650
295,P,917638,11800,4067
296,P,921705,11840,6860
297,P,928565,11880,4804
298,P,933369,11920,2478
299,P,935847,11960,3813
300,I,939660,12000,27552
301,P,967212,12040,3160
302,P,970372,12080,5360
303,P,975732,12120,6220
304,P,981952,12160,3907
305,P,985859,12200,5864
306,P,991723,12240,6008
307,P,997731,12280,3930
308,P,1001661,12320,6714
309,P,1008375,12360,6571
310,P,1014946,12400,4654
311,P,1019600,12440,7036
312,P,1026636,12480,7262
313,P,1033898,12520,4084
314,P,1037982,12560,6794
315,P,1044776,12600,7272
316,P,1052048,12640,4529
317,P,1056577,12680,6704
318,P,1063281,12720,6828
319,P,1070109,12760,4689
320,P,1074798,12800,7113
321,P,1081911,12840,6669
322,P,1088580,12880,6809
323,P,1095389,12920,4627
324,P,1100016,12960,6773
325,P,1106789,13000,6924
326,P,1113713,13040,4237
327,P,1117950,13080,6064
328,P,1124014,13120,6209
329,P,1130223,13160,4077
330,P,1134300,13200,5208
331,P,1139508,13240,5456
332,P,1144964,13280,3622
333,P,1148586,13320,5091
334,P,1153677,13360,4800
335,P,1158477,13400,3156
336,P,1161633,13440,4350
337,P,1165983,13480,4358
338,P,1170341,13520,3118
339,P,1173459,13560,4546
340,P,1178005,13600,4118
341,P,1182123,13640,3373
342,P,1185496,13680,3960
343,P,1189456,13720,3591
344,P,1193047,13760,2302
345,P,1195349,13800,3502
346,P,1198851,13840,3466
347,P,1202317,13880,2039
348,P,1204356,13920,2772
349,P,1207128,13960,2198
350,I,1209326,14000,13881
351,P,1223207,14040,18591
352,P,1241798,14080,1084
353,P,1242882,14120,685
354,P,1243567,14160,911
355,P,1244478,14200,818
356,P,1245296,14240,523
357,P,1245819,14280,725
358,P,1246544,14320,996
359,P,1247540,14360,668
360,P,1248208,14400,1161
361,P,1249369,14440,1201
362,P,1250570,14480,822
363,P,1251392,14520,1085
364,P,1252477,14560,1224
365,P,1253701,14600,1082
366,P,1254783,14640,851
367,P,1255634,14680,1372
368,P,1257006,14720,1214
369,P,1258220,14760,1001
370,P,1259221,14800,1059
371,P,1260280,14840,501
372,P,1260781,14880,277
373,P,1261058,14920,835
374,P,1261893,14960,1021
375,P,1262914,15000,721
376,P,1263635,15040,909
377,P,1264544,15080,819
378,P,1265363,15120,697
379,P,1266060,15160,762
380,P,1266822,15200,210
381,P,1267032,15240,200
382,P,1267232,15280,233
383,P,1267465,15320,194
384,P,1267659,15360,104
385,P,1267763,15400,160
386,P,1267923,15440,20286
387,P,1288209,15480,741
388,P,1288950,15520,763
389,P,1289713,15560,852
390,P,1290565,15600,1300
391,P,1291865,15640,871
392,P,1292736,15680,833
393,P,1293569,15720,866
394,P,1294435,15760,927
395,P,1295362,15800,1323
396,P,1296685,15840,768
397,P,1297453,15880,877
398,P,1298330,15920,678
399,P,1299008,15960,585
400,I,1299593,16000,29571
401,P,1329164,16040,978
402,P,1330142,16080,1085
403,P,1331227,16120,1166
404,P,1332393,16160,1276
405,P,1333669,16200,1811
406,P,1335480,16240,994
407,P,1336474,16280,1031
408,P,1337505,16320,1009
409,P,1338514,16360,947
410,P,1339461,16400,1511
411,P,1340972,16440,1321
412,P,1342293,16480,1207
413,P,1343500,16520,1186
414,P,1344686,16560,1122
415,P,1345808,16600,1605
416,P,1347413,16640,1052
417,P,1348465,16680,1174
418,P,1349639,16720,1224
419,P,1350863,16760,1046
420,P,1351909,16800,1573
421,P,1353482,16840,1093
422,P,1354575,16880,1088
423,P,1355663,16920,958
424,P,1356621,16960,1026
425,P,1357647,17000,1593
426,P,1359240,17040,1048
427,P,1360288,17080,1073
428,P,1361361,17120,983
429,P,1362344,17160,953
430,P,1363297,17200,1589
431,P,1364886,17240,992
432,P,1365878,17280,988
433,P,1366866,17320,1146
434,P,1368012,17360,1041
435,P,1369053,17400,1575
436,P,1370628,17440,1027
437,P,1371655,17480,959
438,P,1372614,17520,1034
439,P,1373648,17560,966
440,P,1374614,17600,1833
441,P,1376447,17640,1253
442,P,1377700,17680,1176
443,P,1378876,17720,1595
444,P,1380471,17760,1313
445,P,1381784,17800,1799
446,P,1383583,17840,917
447,P,1384500,17880,1026
448,P,1385526,17920,956
449,P,1386482,17960,795
450,I,1387277,18000,28798
451,P,1416075,18040,926
452,P,1417001,18080,1255
453,P,1418256,18120,1306
454,P,1419562,18160,1235
455,P,1420797,18200,1591
456,P,1422388,18240,956
457,P,1423344,18280,1124
458,P,1424468,18320,918
459,P,1425386,18360,1046
460,P,1426432,18400,1258
461,P,1427690,18440,938
462,P,1428628,18480,870
463,P,1429498,18520,983
464,P,1430481,18560,867
465,P,1431348,18600,1368
466,P,1432716,18640,886
467,P,1433602,18680,1059
468,P,1434661,18720,902
469,P,1435563,18760,1047
470,P,1436610,18800,1395
471,P,1438005,18840,801
472,P,1438806,18880,551
473,P,1439357,18920,556
474,P,1439913,18960,474
475,P,1440387,19000,533
476,P,1440920,19040,227
477,P,1441147,19080,12961
478,P,1454108,19120,654
479,P,1454762,19160,701
480,P,1455463,19200,696
481,P,1456159,19240,620
482,P,1456779,19280,638
483,P,1457417,19320,579
484,P,1457996,19360,665
485,P,1458661,19400,761
486,P,1459422,19440,815
487,P,1460237,19480,761
488,P,1460998,19520,917
489,P,1461915,19560,1029
490,P,1462944,19600,803
491,P,1463747,19640,860
492,P,1464607,19680,782
493,P,1465389,19720,739
494,P,1466128,19760,790
495,P,1466918,19800,770
496,P,1467688,19840,824
497,P,1468512,19880,744
498,P,1469256,19920,649
499,P,1469905,19960,671
500,I,1470576,20000,18446
501,P,1489022,20040,805
502,P,1489827,20080,888
503,P,1490715,20120,990
504,P,1491705,20160,1128
505,P,1492833,20200,1184
506,P,1494017,20240,1157
507,P,1495174,20280,1195
508,P,1496369,20320,1177
509,P,1497546,20360,1292
510,P,1498838,20400,1279
511,P,1500117,20440,1251
512,P,1501368,20480,1319
513,P,1502687,20520,1502
514,P,1504189,20560,1297
515,P,1505486,20600,1542
516,P,1507028,20640,1939
517,P,1508967,20680,1706
518,P,1510673,20720,2108
519,P,1512781,20760,1776
520,P,1514557,20800,1729
521,P,1516286,20840,1775
522,P,1518061,20880,2007
523,P,1520068,20920,1562
524,P,1521630,20960,1631
525,P,1523261,21000,1566
526,P,1524827,21040,1648
527,P,1526475,21080,1575
528,P,1528050,21120,1503
529,P,1529553,21160,1287
530,P,1530840,21200,1438
531,P,1532278,21240,1216
532,P,1533494,21280,1296
533,P,1534790,21320,1124
534,P,1535914,21360,964
535,P,1536878,21400,1033
536,P,1537911,21440,1008
537,P,1538919,21480,1530
538,P,1540449,21520,1190
539,P,1541639,21560,130
540,P,1541769,21600,4479
541,P,1546248,21640,2876
542,P,1549124,21680,3102
543,P,1552226,21720,1217
544,P,1553443,21760,1652
545,P,1555095,21800,1132
546,P,1556227,21840,1154
547,P,1557381,21880,1462
548,P,1558843,21920,751
549,P,1559594,21960,508
550,I,1560102,22000,21680
551,P,1581782,22040,916
552,P,1582698,22080,1173
553,P,1583871,22120,1642
554,P,1585513,22160,1651
555,P,1587164,22200,1861
556,P,1589025,22240,2113
557,P,1591138,22280,2436
558,P,1593574,22320,1878
559,P,1595452,22360,2745
560,P,1598197,22400,3083
561,P,1601280,22440,2803
562,P,1604083,22480,2520
563,P,1606603,22520,2873
564,P,1609476,22560,3011
565,P,1612487,22600,1749
566,P,1614236,22640,1229
567,P,1615465,22680,1081
568,P,1616546,22720,1131
569,P,1617677,22760,1121
570,P,1618798,22800,1102
571,P,1619900,22840,1128
572,P,1621028,22880,1222
573,P,1622250,22920,1256
574,P,1623506,22960,1330
575,P,1624836,23000,1218
576,P,1626054,23040,1678
577,P,1627732,23080,1209
578,P,1628941,23120,1360
579,P,1630301,23160,1348
580,P,1631649,23200,1640
581,P,1633289,23240,1673
582,P,1634962,23280,1378
583,P,1636340,23320,1179
584,P,1637519,23360,1355
585,P,1638874,23400,856
586,P,1639730,23440,1291
587,P,1641021,23480,847
588,P,1641868,23520,952
589,P,1642820,23560,874
590,P,1643694,23600,920
591,P,1644614,23640,1240
592,P,1645854,23680,885
593,P,1646739,23720,873
594,P,1647612,23760,906
595,P,1648518,23800,1013
596,P,1649531,23840,1493
597,P,1651024,23880,1152
598,P,1652176,23920,1154
599,P,1653330,23960,1002
600,I,1654332,24000,17374
601,P,1671706,24040,1060
602,P,1672766,24080,1291
603,P,1674057,24120,1043
604,P,1675100,24160,1248
605,P,1676348,24200,1247
606,P,1677595,24240,1576
607,P,1679171,24280,1655
608,P,1680826,24320,242
609,P,1681068,24360,136
610,P,1681204,24400,135
611,P,1681339,24440,105
612,P,1681444,24480,105
613,P,1681549,24520,2755
614,P,1684304,24560,3072
615,P,1687376,24600,2984
616,P,1690360,24640,2381
617,P,1692741,24680,2621
618,P,1695362,24720,2091
619,P,1697453,24760,2798
620,P,1700251,24800,2543
621,P,1702794,24840,2322
622,P,1705116,24880,2423
623,P,1707539,24920,3068
624,P,1710607,24960,3894
625,P,1714501,25000,3051
626,P,1717552,25040,2737
627,P,1720289,25080,855
628,P,1721144,25120,1108
629,P,1722252,25160,697
630,P,1722949,25200,1193
631,P,1724142,25240,1155
632,P,1725297,25280,1281
633,P,1726578,25320,1203
634,P,1727781,25360,1168
635,P,1728949,25400,1306
636,P,1730255,25440,1294
637,P,1731549,25480,1547
638,P,1733096,25520,2172
639,P,1735268,25560,2002
640,P,1737270,25600,2048
641,P,1739318,25640,1254
642,P,1740572,25680,1249
643,P,1741821,25720,1896
644,P,1743717,25760,1092
645,P,1744809,25800,1155
646,P,1745964,25840,1054
647,P,1747018,25880,991
648,P,1748009,25920,863
649,P,1748872,25960,617
650,I,1749489,26000,17809
651,P,1767298,26040,1101
652,P,1768399,26080,12768
653,P,1781167,26120,2669
654,P,1783836,26160,2474
655,P,1786310,26200,2788
656,P,1789098,26240,3073
657,P,1792171,26280,2591
658,P,1794762,26320,1472
659,P,1796234,26360,2135
660,P,1798369,26400,1346
661,P,1799715,26440,2375
662,P,1802090,26480,1758
663,P,1803848,26520,2647
664,P,1806495,26560,2076
665,P,1808571,26600,2467
666,P,1811038,26640,2436
667,P,1813474,26680,2595
668,P,1816069,26720,2947
669,P,1819016,26760,2256
670,P,1821272,26800,2454
671,P,1823726,26840,1557
672,P,1825283,26880,2581
673,P,1827864,26920,2080
674,P,1829944,26960,2398
675,P,1832342,27000,1991
676,P,1834333,27040,2356
677,P,1836689,27080,2449
678,P,1839138,27120,3264
679,P,1842402,27160,1551
680,P,1843953,27200,11574
681,P,1855527,27240,2452
682,P,1857979,27280,3709
683,P,1861688,27320,2577
684,P,1864265,27360,2543
685,P,1866808,27400,2282
686,P,1869090,27440,2179
687,P,1871269,27480,3863
688,P,1875132,27520,3111
689,P,1878243,27560,3408
690,P,1881651,27600,3405
691,P,1885056,27640,3657
692,P,1888713,27680,5257
693,P,1893970,27720,2801
694,P,1896771,27760,2590
695,P,1899361,27800,2734
696,P,1902095,27840,2330
697,P,1904425,27880,2988
698,P,1907413,27920,2029
699,P,1909442,27960,1719
700,I,1911161,28000,17158
701,P,1928319,28040,2190
702,P,1930509,28080,3829
703,P,1934338,28120,3259
704,P,1937597,28160,3402
705,P,1940999,28200,3262
706,P,1944261,28240,3111
707,P,1947372,28280,4261
708,P,1951633,28320,2932
709,P,1954565,28360,2972
710,P,1957537,28400,2781
711,P,1960318,28440,2570
712,P,1962888,28480,2591
713,P,1965479,28520,16519
714,P,1981998,28560,1006
715,P,1983004,28600,1383
716,P,1984387,28640,945
717,P,1985332,28680,868
718,P,1986200,28720,971
719,P,1987171,28760,936
720,P,1988107,28800,1041
721,P,1989148,28840,1063
722,P,1990211,28880,1301
723,P,1991512,28920,1195
724,P,1992707,28960,894
725,P,1993601,29000,806
726,P,1994407,29040,1442
727,P,1995849,29080,1032
728,P,1996881,29120,949
729,P,1997830,29160,996
730,P,1998826,29200,1048
731,P,1999874,29240,1765
732,P,2001639,29280,1216
733,P,2002855,29320,1478
734,P,2004333,29360,688
735,P,2005021,29400,523
736,P,2005544,29440,849
737,P,2006393,29480,571
738,P,2006964,29520,501
739,P,2007465,29560,489
740,P,2007954,29600,569
741,P,2008523,29640,874
742,P,2009397,29680,713
743,P,2010110,29720,780
744,P,2010890,29760,807
745,P,2011697,29800,769
746,P,2012466,29840,1117
747,P,2013583,29880,578
748,P,2014161,29920,586
749,P,2014747,29960,535
750,I,2015282,30000,23576
751,P,2038858,30040,1585
752,P,2040443,30080,1265
753,P,2041708,30120,1245
754,P,2042953,30160,901
755,P,2043854,30200,679
756,P,2044533,30240,1812
757,P,2046345,30280,593
758,P,2046938,30320,584
759,P,2047522,30360,539
760,P,2048061,30400,543
761,P,2048604,30440,668
762,P,2049272,30480,413
763,P,2049685,30520,607
764,P,2050292,30560,618
765,P,2050910,30600,715
766,P,2051625,30640,1098
767,P,2052723,30680,867
768,P,2053590,30720,775
769,P,2054365,30760,808
770,P,2055173,30800,881
771,P,2056054,30840,1405
772,P,2057459,30880,822
773,P,2058281,30920,972
774,P,2059253,30960,911
775,P,2060164,31000,959
776,P,2061123,31040,1435
777,P,2062558,31080,965
778,P,2063523,31120,1061
779,P,2064584,31160,874
780,P,2065458,31200,909
781,P,2066367,31240,1438
782,P,2067805,31280,966
783,P,2068771,31320,1041
784,P,2069812,31360,955
785,P,2070767,31400,1017
786,P,2071784,31440,1562
787,P,2073346,31480,815
788,P,2074161,31520,800
789,P,2074961,31560,726
790,P,2075687,31600,586
791,P,2076273,31640,855
792,P,2077128,31680,15642
793,P,2092770,31720,3863
794,P,2096633,31760,4629
795,P,2101262,31800,5324
796,P,2106586,31840,4907
797,P,2111493,31880,4796
798,P,2116289,31920,4388
799,P,2120677,31960,3998
800,I,2124675,32000,21080
801,P,2145755,32040,5339
802,P,2151094,32080,5470
803,P,2156564,32120,5636
804,P,2162200,32160,5543
805,P,2167743,32200,5586
806,P,2173329,32240,4811
807,P,2178140,32280,4857
808,P,2182997,32320,5340
809,P,2188337,32360,5909
810,P,2194246,32400,5293
811,P,2199539,32440,5794
812,P,2205333,32480,5668
813,P,2211001,32520,5181
814,P,2216182,32560,5814
815,P,2221996,32600,5680
816,P,2227676,32640,5465
817,P,2233141,32680,5713
818,P,2238854,32720,5251
819,P,2244105,32760,4728
820,P,2248833,32800,4442
821,P,2253275,32840,3822
822,P,2257097,32880,4233
823,P,2261330,32920,4525
824,P,2265855,32960,4151
825,P,2270006,33000,3873
826,P,2273879,33040,4116
827,P,2277995,33080,11894
828,P,2289889,33120,831
829,P,2290720,33160,1028
830,P,2291748,33200,1090
831,P,2292838,33240,779
832,P,2293617,33280,942
833,P,2294559,33320,874
834,P,2295433,33360,815
835,P,2296248,33400,925
836,P,2297173,33440,943
837,P,2298116,33480,1019
838,P,2299135,33520,967
839,P,2300102,33560,917
840,P,2301019,33600,974
841,P,2301993,33640,909
842,P,2302902,33680,943
843,P,2303845,33720,865
844,P,2304710,33760,963
845,P,2305673,33800,1058
846,P,2306731,33840,1131
847,P,2307862,33880,983
848,P,2308845,33920,967
849,P,2309812,33960,930
850,I,2310742,34000,17575
851,P,2328317,34040,1214
852,P,2329531,34080,4062
853,P,2333593,34120,1314
854,P,2334907,34160,1636
855,P,2336543,34200,1274
856,P,2337817,34240,1331
857,P,2339148,34280,1334
858,P,2340482,34320,1411
859,P,2341893,34360,1363
860,P,2343256,34400,1487
861,P,2344743,34440,1351
862,P,2346094,34480,1418
863,P,2347512,34520,1735
864,P,2349247,34560,1401
865,P,2350648,34600,1691
866,P,2352339,34640,1592
867,P,2353931,34680,1528
868,P,2355459,34720,1628
869,P,2357087,34760,1638
870,P,2358725,34800,1560
871,P,2360285,34840,1756
872,P,2362041,34880,1558
873,P,2363599,34920,1615
874,P,2365214,34960,1796
875,P,2367010,35000,1734
876,P,2368744,35040,1532
877,P,2370276,35080,1789
878,P,2372065,35120,1853
879,P,2373918,35160,1898
880,P,2375816,35200,2293
881,P,2378109,35240,2082
882,P,2380191,35280,1940
883,P,2382131,35320,1811
884,P,2383942,35360,1765
885,P,2385707,35400,1457
886,P,2387164,35440,1372
887,P,2388536,35480,1134
888,P,2389670,35520,1117
889,P,2390787,35560,6751
890,P,2397538,35600,1552
891,P,2399090,35640,1732
892,P,2400822,35680,1702
893,P,2402524,35720,2407
894,P,2404931,35760,1854
895,P,2406785,35800,1811
896,P,2408596,35840,1442
897,P,2410038,35880,1291
898,P,2411329,35920,1650
899,P,2412979,35960,1254
900,I,2414233,36000,13262
901,P,2427495,36040,1392
902,P,2428887,36080,1567
903,P,2430454,36120,2093
904,P,2432547,36160,2158
905,P,2434705,36200,1890
906,P,2436595,36240,1944
907,P,2438539,36280,1983
908,P,2440522,36320,2711
909,P,2443233,36360,1856
910,P,2445089,36400,1923
911,P,2447012,36440,1938
912,P,2448950,36480,1808
913,P,2450758,36520,2623
914,P,2453381,36560,1841
915,P,2455222,36600,2100
916,P,2457322,36640,1715
917,P,2459037,36680,1836
918,P,2460873,36720,2320
919,P,2463193,36760,1899
920,P,2465092,36800,1750
921,P,2466842,36840,1819
922,P,2468661,36880,17168
923,P,2485829,36920,1000
924,P,2486829,36960,503
925,P,2487332,37000,499
926,P,2487831,37040,431
927,P,2488262,37080,469
928,P,2488731,37120,649
929,P,2489380,37160,474
930,P,2489854,37200,586
931,P,2490440,37240,550
932,P,2490990,37280,469
933,P,2491459,37320,603
934,P,2492062,37360,396
935,P,2492458,37400,468
936,P,2492926,37440,403
937,P,2493329,37480,420
938,P,2493749,37520,578
939,P,2494327,37560,360
940,P,2494687,37600,377
941,P,2495064,37640,363
942,P,2495427,37680,262
943,P,2495689,37720,11964
944,P,2507653,37760,633
945,P,2508286,37800,765
946,P,2509051,37840,666
947,P,2509717,37880,874
948,P,2510591,37920,664
949,P,2511255,37960,565
950,I,2511820,38000,18620
951,P,2530440,38040,637
952,P,2531077,38080,739
953,P,2531816,38120,1265
954,P,2533081,38160,841
955,P,2533922,38200,1092
956,P,2535014,38240,949
957,P,2535963,38280,964
958,P,2536927,38320,1587
959,P,2538514,38360,1059
960,P,2539573,38400,1373
961,P,2540946,38440,1521
962,P,2542467,38480,1618
963,P,2544085,38520,2159
964,P,2546244,38560,1626
965,P,2547870,38600,1725
966,P,2549595,38640,1671
967,P,2551266,38680,1735
968,P,2553001,38720,2125
969,P,2555126,38760,1184
970,P,2556310,38800,1252
971,P,2557562,38840,1184
972,P,2558746,38880,1048
973,P,2559794,38920,1504
974,P,2561298,38960,890
975,P,2562188,39000,937
976,P,2563125,39040,873
977,P,2563998,39080,801
978,P,2564799,39120,964
979,P,2565763,39160,481
980,P,2566244,39200,9964
981,P,2576208,39240,630
982,P,2576838,39280,616
983,P,2577454,39320,661
984,P,2578115,39360,724
985,P,2578839,39400,683
986,P,2579522,39440,695
987,P,2580217,39480,816
988,P,2581033,39520,794
989,P,2581827,39560,796
990,P,2582623,39600,729
991,P,2583352,39640,792
992,P,2584144,39680,728
993,P,2584872,39720,604
994,P,2585476,39760,583
995,P,2586059,39800,599
996,P,2586658,39840,569
997,P,2587227,39880,477
998,P,2587704,39920,520
999,P,2588224,39960,414
1000,I,2588638,40000,12846
1001,P,2601484,40040,494
1002,P,2601978,40080,653
1003,P,2602631,40120,708
1004,P,2603339,40160,721
1005,P,2604060,40200,902
1006,P,2604962,40240,836
1007,P,2605798,40280,856
1008,P,2606654,40320,921
1009,P,2607575,40360,999
1010,P,2608574,40400,954
1011,P,2609528,40440,978
1012,P,2610506,40480,2992
1013,P,2613498,40520,1247
1014,P,2614745,40560,1217
1015,P,2615962,40600,1340
1016,P,2617302,40640,1420
1017,P,2618722,40680,1484
1018,P,2620206,40720,1534
1019,P,2621740,40760,1608
1020,P,2623348,40800,1574
1021,P,2624922,40840,1616
1022,P,2626538,40880,1598
1023,P,2628136,40920,1616
1024,P,2629752,40960,1461
1025,P,2631213,41000,1603
1026,P,2632816,41040,1504
1027,P,2634320,41080,1680
1028,P,2636000,41120,1719
1029,P,2637719,41160,1877
1030,P,2639596,41200,1894
1031,P,2641490,41240,2030
1032,P,2643520,41280,1859
1033,P,2645379,41320,2084
1034,P,2647463,41360,1996
1035,P,2649459,41400,2095
1036,P,2651554,41440,2048
1037,P,2653602,41480,2195
1038,P,2655797,41520,2235
1039,P,2658032,41560,2186
1040,P,2660218,41600,2484
1041,P,2662702,41640,2404
1042,P,2665106,41680,2637
1043,P,2667743,41720,2505
1044,P,2670248,41760,2748
1045,P,2672996,41800,2690
1046,P,2675686,41840,2645
1047,P,2678331,41880,2533
1048,P,2680864,41920,2057
1049,P,2682921,41960,1959
1050,I,2684880,42000,15343
1051,P,2700223,42040,2416
1052,P,2702639,42080,2829
1053,P,2705468,42120,2811
1054,P,2708279,42160,2816
1055,P,2711095,42200,2931
1056,P,2714026,42240,2506
1057,P,2716532,42280,2795
1058,P,2719327,42320,2798
1059,P,2722125,42360,2608
1060,P,2724733,42400,2576
1061,P,2727309,42440,2612
1062,P,2729921,42480,2785
1063,P,2732706,42520,2899
1064,P,2735605,42560,3170
1065,P,2738775,42600,3156
1066,P,2741931,42640,3231
1067,P,2745162,42680,2505
1068,P,2747667,42720,2289
1069,P,2749956,42760,2323
1070,P,2752279,42800,1847
1071,P,2754126,42840,1534
1072,P,2755660,42880,16816
1073,P,2772476,42920,2788
1074,P,2775264,42960,2892
1075,P,2778156,43000,2723
1076,P,2780879,43040,3995
1077,P,2784874,43080,3093
1078,P,2787967,43120,4528
1079,P,2792495,43160,3526
1080,P,2796021,43200,3605
1081,P,2799626,43240,4546
1082,P,2804172,43280,3522
1083,P,2807694,43320,4411
1084,P,2812105,43360,3598
1085,P,2815703,43400,2970
1086,P,2818673,43440,3884
1087,P,2822557,43480,2219
1088,P,2824776,43520,1635
1089,P,2826411,43560,1362
1090,P,2827773,43600,1143
1091,P,2828916,43640,1493
1092,P,2830409,43680,1835
1093,P,2832244,43720,1843
1094,P,2834087,43760,2584
1095,P,2836671,43800,2285
1096,P,2838956,43840,3076
1097,P,2842032,43880,2672
1098,P,2844704,43920,2716
1099,P,2847420,43960,3279
1100,I,2850699,44000,20579
1101,P,2871278,44040,4140
1102,P,2875418,44080,3729
1103,P,2879147,44120,3499
1104,P,2882646,44160,4599
1105,P,2887245,44200,2785
1106,P,2890030,44240,3044
1107,P,2893074,44280,1306
1108,P,2894380,44320,1224
1109,P,2895604,44360,1512
1110,P,2897116,44400,1684
1111,P,2898800,44440,2404
1112,P,2901204,44480,2557
1113,P,2903761,44520,2794
1114,P,2906555,44560,3533
1115,P,2910088,44600,2989
1116,P,2913077,44640,4584
1117,P,2917661,44680,3750
1118,P,2921411,44720,3832
1119,P,2925243,44760,4645
1120,P,2929888,44800,3447
1121,P,2933335,44840,4098
1122,P,2937433,44880,3376
1123,P,2940809,44920,2378
1124,P,2943187,44960,3044
1125,P,2946231,45000,1436
1126,P,2947667,45040,1273
1127,P,2948940,45080,1428
1128,P,2950368,45120,1754
1129,P,2952122,45160,2456
1130,P,2954578,45200,2327
1131,P,2956905,45240,2767
1132,P,2959672,45280,2226
1133,P,2961898,45320,2260
1134,P,2964158,45360,19503
1135,P,2983661,45400,1835
1136,P,2985496,45440,2239
1137,P,2987735,45480,2298
1138,P,2990033,45520,3256
1139,P,2993289,45560,2433
1140,P,2995722,45600,2711
1141,P,2998433,45640,2555
1142,P,3000988,45680,2435
1143,P,3003423,45720,3796
1144,P,3007219,45760,2842
1145,P,3010061,45800,2975
1146,P,3013036,45840,2869
1147,P,3015905,45880,4266
1148,P,3020171,45920,3801
1149,P,3023972,45960,2609
1150,I,3026581,46000,29983
1151,P,3056564,46040,2978
1152,P,3059542,46080,3311
1153,P,3062853,46120,4479
1154,P,3067332,46160,2643
1155,P,3069975,46200,2533
1156,P,3072508,46240,2196
1157,P,3074704,46280,1459
1158,P,3076163,46320,1357
1159,P,3077520,46360,1336
1160,P,3078856,46400,1630
1161,P,3080486,46440,2126
1162,P,3082612,46480,2381
1163,P,3084993,46520,4276
1164,P,3089269,46560,3831
1165,P,3093100,46600,4163
1166,P,3097263,46640,3966
1167,P,3101229,46680,3649
1168,P,3104878,46720,3281
1169,P,3108159,46760,4353
1170,P,3112512,46800,2908
1171,P,3115420,46840,2965
1172,P,3118385,46880,2795
1173,P,3121180,46920,2973
1174,P,3124153,46960,4312
1175,P,3128465,47000,2769
1176,P,3131234,47040,2739
1177,P,3133973,47080,2803
1178,P,3136776,47120,2465
1179,P,3139241,47160,3596
1180,P,3142837,47200,1977
1181,P,3144814,47240,1623
1182,P,3146437,47280,1082
1183,P,3147519,47320,1307
1184,P,3148826,47360,2289
1185,P,3151115,47400,1976
1186,P,3153091,47440,2057
1187,P,3155148,47480,2116
1188,P,3157264,47520,2112
1189,P,3159376,47560,3546
1190,P,3162922,47600,2766
1191,P,3165688,47640,2989
1192,P,3168677,47680,2528
1193,P,3171205,47720,2551
1194,P,3173756,47760,4638
1195,P,3178394,47800,3057
1196,P,3181451,47840,3275
1197,P,3184726,47880,3110
1198,P,3187836,47920,2826
1199,P,3190662,47960,3123
1200,I,3193785,48000,29434
1201,P,3223219,48040,2118
1202,P,3225337,48080,2048
1203,P,3227385,48120,1355
1204,P,3228740,48160,1954
1205,P,3230694,48200,1916
1206,P,3232610,48240,2218
1207,P,3234828,48280,2638
1208,P,3237466,48320,3163
1209,P,3240629,48360,5002
1210,P,3245631,48400,3238
1211,P,3248869,48440,3440
1212,P,3252309,48480,2763
1213,P,3255072,48520,2500
1214,P,3257572,48560,3425
1215,P,3260997,48600,2329
1216,P,3263326,48640,2121
1217,P,3265447,48680,16563
1218,P,3282010,48720,956
1219,P,3282966,48760,1018
1220,P,3283984,48800,1029
1221,P,3285013,48840,1094
1222,P,3286107,48880,1353
1223,P,3287460,48920,1156
1224,P,3288616,48960,1119
1225,P,3289735,49000,1047
1226,P,3290782,49040,1121
1227,P,3291903,49080,1703
1228,P,3293606,49120,1039
1229,P,3294645,49160,1073
1230,P,3295718,49200,1122
1231,P,3296840,49240,1006
1232,P,3297846,49280,1614
1233,P,3299460,49320,1055
1234,P,3300515,49360,1138
1235,P,3301653,49400,1143
1236,P,3302796,49440,1054
1237,P,3303850,49480,1571
1238,P,3305421,49520,1257
1239,P,3306678,49560,1200
1240,P,3307878,49600,1199
1241,P,3309077,49640,1099
1242,P,3310176,49680,1690
1243,P,3311866,49720,1061
1244,P,3312927,49760,1128
1245,P,3314055,49800,1058
1246,P,3315113,49840,924
1247,P,3316037,49880,1454
1248,P,3317491,49920,1294
1249,P,3318785,49960,1374
1250,I,3320159,50000,16750
1251,P,3336909,50040,1929
1252,P,3338838,50080,2712
1253,P,3341550,50120,1642
1254,P,3343192,50160,2971
1255,P,3346163,50200,1307
1256,P,3347470,50240,1139
1257,P,3348609,50280,1440
1258,P,3350049,50320,13118
1259,P,3363167,50360,2288
1260,P,3365455,50400,2763
1261,P,3368218,50440,3005
1262,P,3371223,50480,2999
1263,P,3374222,50520,4353
1264,P,3378575,50560,3104
1265,P,3381679,50600,3052
1266,P,3384731,50640,3009
1267,P,3387740,50680,2956
1268,P,3390696,50720,4385
1269,P,3395081,50760,3040
1270,P,3398121,50800,2927
1271,P,3401048,50840,2951
1272,P,3403999,50880,2943
1273,P,3406942,50920,4617
1274,P,3411559,50960,2805
1275,P,3414364,51000,2883
1276,P,3417247,51040,2990
1277,P,3420237,51080,2909
1278,P,3423146,51120,2893
1279,P,3426039,51160,4101
1280,P,3430140,51200,3862
1281,P,3434002,51240,2911
1282,P,3436913,51280,2753
1283,P,3439666,51320,2806
1284,P,3442472,51360,4214
1285,P,3446686,51400,3203
1286,P,3449889,51440,3016
1287,P,3452905,51480,3065
1288,P,3455970,51520,2973
1289,P,3458943,51560,4683
1290,P,3463626,51600,2669
1291,P,3466295,51640,2819
1292,P,3469114,51680,4960
1293,P,3474074,51720,2664
1294,P,3476738,51760,4454
1295,P,3481192,51800,2665
1296,P,3483857,51840,2775
1297,P,3486632,51880,2284
1298,P,3488916,51920,1975
1299,P,3490891,51960,2719
1300,I,3493610,52000,17652
1301,P,3511262,52040,2071
1302,P,3513333,52080,2167
1303,P,3515500,52120,2098
1304,P,3517598,52160,3118
1305,P,3520716,52200,27361
1306,P,3548077,52240,2619
1307,P,3550696,52280,3150
1308,P,3553846,52320,2933
1309,P,3556779,52360,3421
1310,P,3560200,52400,2736
1311,P,3562936,52440,3145
1312,P,3566081,52480,3346
1313,P,3569427,52520,2048
1314,P,3571475,52560,2449
1315,P,3573924,52600,2683
1316,P,3576607,52640,2063
1317,P,3578670,52680,2062
1318,P,3580732,52720,2737
1319,P,3583469,52760,2776
1320,P,3586245,52800,3776
1321,P,3590021,52840,2944
1322,P,3592965,52880,2904
1323,P,3595869,52920,3125
1324,P,3598994,52960,2602
1325,P,3601596,53000,3623
1326,P,3605219,53040,3483
1327,P,3608702,53080,3057
1328,P,3611759,53120,3539
1329,P,3615298,53160,3494
1330,P,3618792,53200,4576
1331,P,3623368,53240,3514
1332,P,3626882,53280,3170
1333,P,3630052,53320,3640
1334,P,3633692,53360,3932
1335,P,3637624,53400,5534
1336,P,3643158,53440,4008
1337,P,3647166,53480,4878
1338,P,3652044,53520,3350
1339,P,3655394,53560,3869
1340,P,3659263,53600,4351
1341,P,3663614,53640,3279
1342,P,3666893,53680,3097
1343,P,3669990,53720,2870
1344,P,3672860,53760,2479
1345,P,3675339,53800,3270
1346,P,3678609,53840,2389
1347,P,3680998,53880,2483
1348,P,3683481,53920,1976
1349,P,3685457,53960,1903
1350,I,3687360,54000,9766
1351,P,3697126,54040,1984
1352,P,3699110,54080,1734
1353,P,3700844,54120,826
1354,P,3701670,54160,239
1355,P,3701909,54200,3615
1356,P,3705524,54240,2719
1357,P,3708243,54280,3376
1358,P,3711619,54320,1930
1359,P,3713549,54360,2352
1360,P,3715901,54400,2207
1361,P,3718108,54440,1985
1362,P,3720093,54480,2129
1363,P,3722222,54520,1601
1364,P,3723823,54560,1679
1365,P,3725502,54600,2331
1366,P,3727833,54640,2385
1367,P,3730218,54680,2474
1368,P,3732692,54720,2863
1369,P,3735555,54760,2991
1370,P,3738546,54800,3885
1371,P,3742431,54840,2915
1372,P,3745346,54880,3288
1373,P,3748634,54920,3339
1374,P,3751973,54960,3437
1375,P,3755410,55000,3940
1376,P,3759350,55040,3629
1377,P,3762979,55080,3526
1378,P,3766505,55120,3698
1379,P,3770203,55160,3442
1380,P,3773645,55200,3947
1381,P,3777592,55240,2442
1382,P,3780034,55280,2671
1383,P,3782705,55320,1173
1384,P,3783878,55360,1691
1385,P,3785569,55400,2900
1386,P,3788469,55440,2250
1387,P,3790719,55480,2139
1388,P,3792858,55520,2128
1389,P,3794986,55560,2226
1390,P,3797212,55600,3215
1391,P,3800427,55640,2481
1392,P,3802908,55680,2653
1393,P,3805561,55720,2546
1394,P,3808107,55760,2140
1395,P,3810247,55800,3052
1396,P,3813299,55840,1960
1397,P,3815259,55880,1581
1398,P,3816840,55920,1528
1399,P,3818368,55960,1366
1400,I,3819734,56000,18651
1401,P,3838385,56040,1797
1402,P,3840182,56080,1893
1403,P,3842075,56120,1767
1404,P,3843842,56160,1932
1405,P,3845774,56200,3146
1406,P,3848920,56240,2211
1407,P,3851131,56280,2145
1408,P,3853276,56320,2348
1409,P,3855624,56360,2071
1410,P,3857695,56400,3129
1411,P,3860824,56440,2177
1412,P,3863001,56480,2214
1413,P,3865215,56520,2025
1414,P,3867240,56560,2036
1415,P,3869276,56600,3204
1416,P,3872480,56640,2116
1417,P,3874596,56680,2111
1418,P,3876707,56720,2252
1419,P,3878959,56760,2163
1420,P,3881122,56800,3315
1421,P,3884437,56840,1213
1422,P,3885650,56880,962
1423,P,3886612,56920,917
1424,P,3887529,56960,613
1425,P,3888142,57000,1063
1426,P,3889205,57040,13645
1427,P,3902850,57080,281
1428,P,3903131,57120,258
1429,P,3903389,57160,440
1430,P,3903829,57200,409
1431,P,3904238,57240,390
1432,P,3904628,57280,1519
1433,P,3906147,57320,497
1434,P,3906644,57360,81
1435,P,3906725,57400,416
1436,P,3907141,57440,774
1437,P,3907915,57480,1108
1438,P,3909023,57520,1247
1439,P,3910270,57560,1759
1440,P,3912029,57600,1740
1441,P,3913769,57640,1839
1442,P,3915608,57680,88
1443,P,3915696,57720,1243
1444,P,3916939,57760,1424
1445,P,3918363,57800,1222
1446,P,3919585,57840,823
1447,P,3920408,57880,848
1448,P,3921256,57920,862
1449,P,3922118,57960,816
1450,I,3922934,58000,17358
1451,P,3940292,58040,1119
1452,P,3941411,58080,1148
1453,P,3942559,58120,1180
1454,P,3943739,58160,1227
1455,P,3944966,58200,1347
1456,P,3946313,58240,1413
1457,P,3947726,58280,1466
1458,P,3949192,58320,79
1459,P,3949271,58360,1234
1460,P,3950505,58400,1088
1461,P,3951593,58440,1173
1462,P,3952766,58480,10961
1463,P,3963727,58520,2004
1464,P,3965731,58560,2205
1465,P,3967936,58600,2504
1466,P,3970440,58640,121
1467,P,3970561,58680,3660
1468,P,3974221,58720,3243
1469,P,3977464,58760,2947
1470,P,3980411,58800,3463
1471,P,3983874,58840,2671
1472,P,3986545,58880,5219
1473,P,3991764,58920,3039
1474,P,3994803,58960,117
1475,P,3994920,59000,2513
1476,P,3997433,59040,3315
1477,P,4000748,59080,2666
1478,P,4003414,59120,3275
1479,P,4006689,59160,2863
1480,P,4009552,59200,2576
1481,P,4012128,59240,2639
1482,P,4014767,59280,119
1483,P,4014886,59320,1898
1484,P,4016784,59360,2476
1485,P,4019260,59400,1947
1486,P,4021207,59440,1783
1487,P,4022990,59480,2022
1488,P,4025012,59520,1537
1489,P,4026549,59560,2301
1490,P,4028850,59600,141
1491,P,4028991,59640,1554
1492,P,4030545,59680,1918
1493,P,4032463,59720,2745
1494,P,4035208,59760,2441
1495,P,4037649,59800,2811
1496,P,4040460,59840,2344
1497,P,4042804,59880,1640
1498,P,4044444,59920,152
1499,P,4044596,59960,1361
1500,I,4045957,60000,21191
1501,P,4067148,60040,2111
1502,P,4069259,60080,2059
1503,P,4071318,60120,2206
1504,P,4073524,60160,117
1505,P,4073641,60200,88
1506,P,4073729,60240,2069
1507,P,4075798,60280,122
1508,P,4075920,60320,1683
1509,P,4077603,60360,123
1510,P,4077726,60400,1801
1511,P,4079527,60440,136
1512,P,4079663,60480,97
1513,P,4079760,60520,1407
1514,P,4081167,60560,95
1515,P,4081262,60600,1325
1516,P,4082587,60640,86
1517,P,4082673,60680,1800
1518,P,4084473,60720,103
1519,P,4084576,60760,78
1520,P,4084654,60800,1650
1521,P,4086304,60840,145
1522,P,4086449,60880,1786
1523,P,4088235,60920,93
1524,P,4088328,60960,1414
1525,P,4089742,61000,60
1526,P,4089802,61040,13293
1527,P,4103095,61080,2622
1528,P,4105717,61120,2508
1529,P,4108225,61160,2749
1530,P,4110974,61200,3842
1531,P,4114816,61240,2954
1532,P,4117770,61280,8273
1533,P,4126043,61320,3238
1534,P,4129281,61360,3517
1535,P,4132798,61400,4849
1536,P,4137647,61440,3268
1537,P,4140915,61480,4186
1538,P,4145101,61520,3695
1539,P,4148796,61560,3112
1540,P,4151908,61600,3666
1541,P,4155574,61640,2213
1542,P,4157787,61680,1659
1543,P,4159446,61720,1434
1544,P,4160880,61760,1104
1545,P,4161984,61800,1419
1546,P,4163403,61840,1690
1547,P,4165093,61880,1642
1548,P,4166735,61920,2134
1549,P,4168869,61960,1678
1550,I,4170547,62000,20116
1551,P,4190663,62040,2978
1552,P,4193641,62080,3696
1553,P,4197337,62120,5154
1554,P,4202491,62160,3619
1555,P,4206110,62200,4908
1556,P,4211018,62240,3880
1557,P,4214898,62280,3608
1558,P,4218506,62320,4568
1559,P,4223074,62360,2942
1560,P,4226016,62400,2965
1561,P,4228981,62440,1322
1562,P,4230303,62480,1202
1563,P,4231505,62520,1600
1564,P,4233105,62560,1708
1565,P,4234813,62600,2463
1566,P,4237276,62640,2529
1567,P,4239805,62680,2746
1568,P,4242551,62720,3595
1569,P,4246146,62760,3088
1570,P,4249234,62800,4473
1571,P,4253707,62840,3771
1572,P,4257478,62880,3904
1573,P,4261382,62920,4644
1574,P,4266026,62960,3471
1575,P,4269497,63000,4171
1576,P,4273668,63040,3097
1577,P,4276765,63080,2580
1578,P,4279345,63120,2746
1579,P,4282091,63160,1323
1580,P,4283414,63200,1331
1581,P,4284745,63240,1428
1582,P,4286173,63280,1709
1583,P,4287882,63320,2525
1584,P,4290407,63360,2197
1585,P,4292604,63400,2703
1586,P,4295307,63440,2327
1587,P,4297634,63480,2307
1588,P,4299941,63520,19039
1589,P,4318980,63560,1902
1590,P,4320882,63600,2295
1591,P,4323177,63640,2220
1592,P,4325397,63680,3196
1593,P,4328593,63720,2418
1594,P,4331011,63760,2576
1595,P,4333587,63800,2315
1596,P,4335902,63840,2302
1597,P,4338204,63880,3364
1598,P,4341568,63920,2228
1599,P,4343796,63960,2278
1600,I,4346074,64000,28617
1601,P,4374691,64040,3029
1602,P,4377720,64080,5014
1603,P,4382734,64120,6210
1604,P,4388944,64160,3808
1605,P,4392752,64200,3847
1606,P,4396599,64240,3871
1607,P,4400470,64280,4847
1608,P,4405317,64320,2938
1609,P,4408255,64360,2649
1610,P,4410904,64400,2236
1611,P,4413140,64440,1567
1612,P,4414707,64480,1449
1613,P,4416156,64520,1343
1614,P,4417499,64560,1681
1615,P,4419180,64600,2234
1616,P,4421414,64640,2515
1617,P,4423929,64680,4180
1618,P,4428109,64720,4024
1619,P,4432133,64760,4344
1620,P,4436477,64800,4127
1621,P,4440604,64840,3804
1622,P,4444408,64880,3248
1623,P,4447656,64920,4657
1624,P,4452313,64960,3258
1625,P,4455571,65000,2962
1626,P,4458533,65040,2886
1627,P,4461419,65080,2947
1628,P,4464366,65120,4153
1629,P,4468519,65160,2767
1630,P,4471286,65200,2918
1631,P,4474204,65240,2750
1632,P,4476954,65280,2452
1633,P,4479406,65320,3685
1634,P,4483091,65360,2115
1635,P,4485206,65400,1435
1636,P,4486641,65440,1215
1637,P,4487856,65480,1244
1638,P,4489100,65520,2162
1639,P,4491262,65560,1856
1640,P,4493118,65600,2103
1641,P,4495221,65640,2052
1642,P,4497273,65680,2099
1643,P,4499372,65720,3372
1644,P,4502744,65760,2712
1645,P,4505456,65800,2625
1646,P,4508081,65840,2376
1647,P,4510457,65880,2368
1648,P,4512825,65920,3919
1649,P,4516744,65960,2562
1650,I,4519306,66000,27777
1651,P,4547083,66040,3553
1652,P,4550636,66080,4331
1653,P,4554967,66120,5721
1654,P,4560688,66160,3401
1655,P,4564089,66200,3131
1656,P,4567220,66240,2169
1657,P,4569389,66280,1849
1658,P,4571238,66320,2053
1659,P,4573291,66360,1822
1660,P,4575113,66400,2241
1661,P,4577354,66440,2355
1662,P,4579709,66480,2586
1663,P,4582295,66520,3670
1664,P,4585965,66560,3168
1665,P,4589133,66600,3497
1666,P,4592630,66640,3049
1667,P,4595679,66680,2749
1668,P,4598428,66720,3755
1669,P,4602183,66760,2505
1670,P,4604688,66800,2431
1671,P,4607119,66840,2002
1672,P,4609121,66880,8846
1673,P,4617967,66920,4119
1674,P,4622086,66960,3274
1675,P,4625360,67000,3214
1676,P,4628574,67040,3294
1677,P,4631868,67080,3886
1678,P,4635754,67120,5163
1679,P,4640917,67160,3745
1680,P,4644662,67200,3666
1681,P,4648328,67240,3250
1682,P,4651578,67280,3215
1683,P,4654793,67320,4799
1684,P,4659592,67360,3334
1685,P,4662926,67400,3664
1686,P,4666590,67440,3625
1687,P,4670215,67480,3369
1688,P,4673584,67520,4367
1689,P,4677951,67560,4058
1690,P,4682009,67600,4253
1691,P,4686262,67640,4347
1692,P,4690609,67680,4293
1693,P,4694902,67720,5543
1694,P,4700445,67760,4583
1695,P,4705028,67800,4763
1696,P,4709791,67840,4939
1697,P,4714730,67880,5150
1698,P,4719880,67920,6181
1699,P,4726061,67960,4579
1700,I,4730640,68000,15748
1701,P,4746388,68040,4634
1702,P,4751022,68080,4649
1703,P,4755671,68120,6385
1704,P,4762056,68160,4796
1705,P,4766852,68200,4705
1706,P,4771557,68240,4966
1707,P,4776523,68280,4808
1708,P,4781331,68320,6129
1709,P,4787460,68360,4853
1710,P,4792313,68400,4718
1711,P,4797031,68440,4853
1712,P,4801884,68480,4362
1713,P,4806246,68520,5929
1714,P,4812175,68560,4532
1715,P,4816707,68600,4546
1716,P,4821253,68640,4280
1717,P,4825533,68680,3905
1718,P,4829438,68720,12638
1719,P,4842076,68760,4199
1720,P,4846275,68800,4763
1721,P,4851038,68840,5066
1722,P,4856104,68880,4925
1723,P,4861029,68920,7081
1724,P,4868110,68960,5120
1725,P,4873230,69000,5119
1726,P,4878349,69040,5025
1727,P,4883374,69080,4052
1728,P,4887426,69120,5109
1729,P,4892535,69160,4541
1730,P,4897076,69200,4802
1731,P,4901878,69240,4985
1732,P,4906863,69280,5232
1733,P,4912095,69320,6016
1734,P,4918111,69360,4974
1735,P,4923085,69400,5238
1736,P,4928323,69440,5057
1737,P,4933380,69480,4582
1738,P,4937962,69520,6452
1739,P,4944414,69560,4313
1740,P,4948727,69600,4664
1741,P,4953391,69640,3728
1742,P,4957119,69680,2601
1743,P,4959720,69720,3562
1744,P,4963282,69760,4027
1745,P,4967309,69800,4195
1746,P,4971504,69840,3849
1747,P,4975353,69880,3778
1748,P,4979131,69920,4864
1749,P,4983995,69960,3362
1750,I,4987357,70000,18286
1751,P,5005643,70040,3929
1752,P,5009572,70080,4669
1753,P,5014241,70120,6398
1754,P,5020639,70160,4481
1755,P,5025120,70200,4799
1756,P,5029919,70240,4211
1757,P,5034130,70280,3892
1758,P,5038022,70320,3513
1759,P,5041535,70360,2770
1760,P,5044305,70400,3291
1761,P,5047596,70440,3401
1762,P,5050997,70480,3717
1763,P,5054714,70520,4964
1764,P,5059678,70560,3783
1765,P,5063461,70600,3787
1766,P,5067248,70640,3815
1767,P,5071063,70680,3765
1768,P,5074828,70720,5816
1769,P,5080644,70760,3761
1770,P,5084405,70800,4219
1771,P,5088624,70840,4216
1772,P,5092840,70880,3757
1773,P,5096597,70920,4575
1774,P,5101172,70960,2858
1775,P,5104030,71000,3193
1776,P,5107223,71040,3287
1777,P,5110510,71080,3125
1778,P,5113635,71120,6372
1779,P,5120007,71160,2642
1780,P,5122649,71200,2619
1781,P,5125268,71240,11937
1782,P,5137205,71280,3258
1783,P,5140463,71320,5568
1784,P,5146031,71360,4433
1785,P,5150464,71400,4849
1786,P,5155313,71440,5360
1787,P,5160673,71480,4701
1788,P,5165374,71520,4673
1789,P,5170047,71560,2594
1790,P,5172641,71600,2343
1791,P,5174984,71640,2391
1792,P,5177375,71680,2363
1793,P,5179738,71720,2620
1794,P,5182358,71760,1969
1795,P,5184327,71800,2398
1796,P,5186725,71840,3129
1797,P,5189854,71880,3195
1798,P,5193049,71920,4116
1799,P,5197165,71960,2501
1800,I,5199666,72000,19071
1801,P,5218737,72040,3353
1802,P,5222090,72080,3979
1803,P,5226069,72120,5898
1804,P,5231967,72160,2865
1805,P,5234832,72200,2721
1806,P,5237553,72240,3169
1807,P,5240722,72280,3167
1808,P,5243889,72320,3370
1809,P,5247259,72360,2409
1810,P,5249668,72400,3012
1811,P,5252680,72440,3440
1812,P,5256120,72480,3795
1813,P,5259915,72520,5590
1814,P,5265505,72560,4491
1815,P,5269996,72600,4699
1816,P,5274695,72640,4542
1817,P,5279237,72680,4436
1818,P,5283673,72720,4293
1819,P,5287966,72760,2822
1820,P,5290788,72800,3157
1821,P,5293945,72840,2857
1822,P,5296802,72880,3007
1823,P,5299809,72920,3310
1824,P,5303119,72960,3043
1825,P,5306162,73000,3792
1826,P,5309954,73040,3810
1827,P,5313764,73080,3725
1828,P,5317489,73120,4555
1829,P,5322044,73160,3713
1830,P,5325757,73200,3872
1831,P,5329629,73240,3623
1832,P,5333252,73280,3441
1833,P,5336693,73320,3117
1834,P,5339810,73360,2527
1835,P,5342337,73400,2830
1836,P,5345167,73440,2341
1837,P,5347508,73480,2539
1838,P,5350047,73520,2121
1839,P,5352168,73560,2545
1840,P,5354713,73600,3017
1841,P,5357730,73640,1819
1842,P,5359549,73680,221
1843,P,5359770,73720,2659
1844,P,5362429,73760,2134
1845,P,5364563,73800,2187
1846,P,5366750,73840,1410
1847,P,5368160,73880,1452
1848,P,5369612,73920,1327
1849,P,5370939,73960,812
1850,I,5371751,74000,15804
1851,P,5387555,74040,1089
1852,P,5388644,74080,1753
1853,P,5390397,74120,2489
1854,P,5392886,74160,2386
1855,P,5395272,74200,2456
1856,P,5397728,74240,2957
1857,P,5400685,74280,2515
1858,P,5403200,74320,2908
1859,P,5406108,74360,3073
1860,P,5409181,74400,3320
1861,P,5412501,74440,2710
1862,P,5415211,74480,3716
1863,P,5418927,74520,4095
1864,P,5423022,74560,3297
1865,P,5426319,74600,3451
1866,P,5429770,74640,3455
1867,P,5433225,74680,4219
1868,P,5437444,74720,1522
1869,P,5438966,74760,860
1870,P,5439826,74800,788
1871,P,5440614,74840,655
1872,P,5441269,74880,699
1873,P,5441968,74920,721
1874,P,5442689,74960,1213
1875,P,5443902,75000,510
1876,P,5444412,75040,434
1877,P,5444846,75080,430
1878,P,5445276,75120,357
1879,P,5445633,75160,811
1880,P,5446444,75200,554
1881,P,5446998,75240,823
1882,P,5447821,75280,636
1883,P,5448457,75320,1108
1884,P,5449565,75360,870
1885,P,5450435,75400,914
1886,P,5451349,75440,896
1887,P,5452245,75480,891
1888,P,5453136,75520,1211
1889,P,5454347,75560,865
1890,P,5455212,75600,995
1891,P,5456207,75640,871
1892,P,5457078,75680,879
1893,P,5457957,75720,1266
1894,P,5459223,75760,793
1895,P,5460016,75800,756
1896,P,5460772,75840,837
1897,P,5461609,75880,731
1898,P,5462340,75920,671
1899,P,5463011,75960,728
1900,I,5463739,76000,28691
1901,P,5492430,76040,1198
1902,P,5493628,76080,1357
1903,P,5494985,76120,731
1904,P,5495716,76160,1458
1905,P,5497174,76200,994
1906,P,5498168,76240,889
1907,P,5499057,76280,984
1908,P,5500041,76320,1011
1909,P,5501052,76360,1721
1910,P,5502773,76400,1328
1911,P,5504101,76440,1533
1912,P,5505634,76480,778
1913,P,5506412,76520,588
1914,P,5507000,76560,829
1915,P,5507829,76600,595
1916,P,5508424,76640,563
1917,P,5508987,76680,517
1918,P,5509504,76720,593
1919,P,5510097,76760,848
1920,P,5510945,76800,847
1921,P,5511792,76840,1023
1922,P,5512815,76880,1494
1923,P,5514309,76920,1846
1924,P,5516155,76960,2092
1925,P,5518247,77000,2038
1926,P,5520285,77040,1691
1927,P,5521976,77080,1852
1928,P,5523828,77120,1936
1929,P,5525764,77160,2686
1930,P,5528450,77200,2046
1931,P,5530496,77240,2123
1932,P,5532619,77280,1529
1933,P,5534148,77320,1518
1934,P,5535666,77360,1460
1935,P,5537126,77400,1187
1936,P,5538313,77440,1036
1937,P,5539349,77480,1052
1938,P,5540401,77520,923
1939,P,5541324,77560,890
1940,P,5542214,77600,837
1941,P,5543051,77640,916
1942,P,5543967,77680,684
1943,P,5544651,77720,799
1944,P,5545450,77760,1114
1945,P,5546564,77800,867
1946,P,5547431,77840,761
1947,P,5548192,77880,640
1948,P,5548832,77920,628
1949,P,5549460,77960,945
1950,I,5550405,78000,20819
1951,P,5571224,78040,795
1952,P,5572019,78080,888
1953,P,5572907,78120,3161
1954,P,5576068,78160,1450
1955,P,5577518,78200,901
1956,P,5578419,78240,1102
1957,P,5579521,78280,879
1958,P,5580400,78320,928
1959,P,5581328,78360,1433
1960,P,5582761,78400,1049
1961,P,5583810,78440,970
1962,P,5584780,78480,1052
1963,P,5585832,78520,1106
1964,P,5586938,78560,1651
1965,P,5588589,78600,911
1966,P,5589500,78640,938
1967,P,5590438,78680,756
1968,P,5591194,78720,788
1969,P,5591982,78760,1210
1970,P,5593192,78800,718
1971,P,5593910,78840,653
1972,P,5594563,78880,454
1973,P,5595017,78920,431
1974,P,5595448,78960,566
1975,P,5596014,79000,15105
1976,P,5611119,79040,1721
1977,P,5612840,79080,1578
1978,P,5614418,79120,1756
1979,P,5616174,79160,2747
1980,P,5618921,79200,1876
1981,P,5620797,79240,1849
1982,P,5622646,79280,1958
1983,P,5624604,79320,1742
1984,P,5626346,79360,2786
1985,P,5629132,79400,1783
1986,P,5630915,79440,1884
1987,P,5632799,79480,1641
1988,P,5634440,79520,1706
1989,P,5636146,79560,2649
1990,P,5638795,79600,1109
1991,P,5639904,79640,812
1992,P,5640716,79680,841
1993,P,5641557,79720,2730
1994,P,5644287,79760,3263
1995,P,5647550,79800,3059
1996,P,5650609,79840,3464
1997,P,5654073,79880,2923
1998,P,5656996,79920,2048
1999,P,5659044,79960,2761
2000,I,5661805,80000,19098
2001,P,5680903,80040,1875
2002,P,5682778,80080,2053
2003,P,5684831,80120,2325
2004,P,5687156,80160,4075
2005,P,5691231,80200,2176
2006,P,5693407,80240,2276
2007,P,5695683,80280,2007
2008,P,5697690,80320,1644
2009,P,5699334,80360,2265
2010,P,5701599,80400,1425
2011,P,5703024,80440,1505
2012,P,5704529,80480,1398
2013,P,5705927,80520,1380
2014,P,5707307,80560,1801
2015,P,5709108,80600,1108
2016,P,5710216,80640,21679
2017,P,5731895,80680,898
2018,P,5732793,80720,917
2019,P,5733710,80760,1006
2020,P,5734716,80800,1106
2021,P,5735822,80840,1257
2022,P,5737079,80880,1343
2023,P,5738422,80920,1314
2024,P,5739736,80960,1319
2025,P,5741055,81000,1133
2026,P,5742188,81040,1184
2027,P,5743372,81080,1403
2028,P,5744775,81120,1416
2029,P,5746191,81160,1750
2030,P,5747941,81200,1819
2031,P,5749760,81240,1850
2032,P,5751610,81280,1392
2033,P,5753002,81320,1765
2034,P,5754767,81360,1804
2035,P,5756571,81400,1711
2036,P,5758282,81440,1739
2037,P,5760021,81480,1757
2038,P,5761778,81520,1073
2039,P,5762851,81560,875
2040,P,5763726,81600,864
2041,P,5764590,81640,1118
2042,P,5765708,81680,1118
2043,P,5766826,81720,1363
2044,P,5768189,81760,1243
2045,P,5769432,81800,1038
2046,P,5770470,81840,1002
2047,P,5771472,81880,905
2048,P,5772377,81920,712
2049,P,5773089,81960,732
2050,I,5773821,82000,25627
2051,P,5799448,82040,7020
2052,P,5806468,82080,225
2053,P,5806693,82120,2095
2054,P,5808788,82160,106
2055,P,5808894,82200,2383
2056,P,5811277,82240,76
2057,P,5811353,82280,1784
2058,P,5813137,82320,101
2059,P,5813238,82360,124
2060,P,5813362,82400,2063
2061,P,5815425,82440,67
2062,P,5815492,82480,2172
2063,P,5817664,82520,82
2064,P,5817746,82560,2128
2065,P,5819874,82600,95
2066,P,5819969,82640,2185
2067,P,5822154,82680,95
2068,P,5822249,82720,2083
2069,P,5824332,82760,83
2070,P,5824415,82800,1463
2071,P,5825878,82840,115
2072,P,5825993,82880,1122
2073,P,5827115,82920,92
2074,P,5827207,82960,1149
2075,P,5828356,83000,111
2076,P,5828467,83040,75
2077,P,5828542,83080,1311
2078,P,5829853,83120,75
2079,P,5829928,83160,1457
2080,P,5831385,83200,86
2081,P,5831471,83240,1717
2082,P,5833188,83280,71
2083,P,5833259,83320,1545
2084,P,5834804,83360,96
2085,P,5834900,83400,1236
2086,P,5836136,83440,84
2087,P,5836220,83480,1237
2088,P,5837457,83520,52
2089,P,5837509,83560,988
2090,P,5838497,83600,100
2091,P,5838597,83640,767
2092,P,5839364,83680,52
2093,P,5839416,83720,16354
2094,P,5855770,83760,484
2095,P,5856254,83800,975
2096,P,5857229,83840,761
2097,P,5857990,83880,772
2098,P,5858762,83920,645
2099,P,5859407,83960,380
2100,I,5859787,84000,25674
2101,P,5885461,84040,561
2102,P,5886022,84080,636
2103,P,5886658,84120,782
2104,P,5887440,84160,952
2105,P,5888392,84200,1649
2106,P,5890041,84240,980
2107,P,5891021,84280,1178
2108,P,5892199,84320,1339
2109,P,5893538,84360,1066
2110,P,5894604,84400,1281
2111,P,5895885,84440,893
2112,P,5896778,84480,870
2113,P,5897648,84520,931
2114,P,5898579,84560,866
2115,P,5899445,84600,1054
2116,P,5900499,84640,1035
2117,P,5901534,84680,1100
2118,P,5902634,84720,1005
2119,P,5903639,84760,1454
2120,P,5905093,84800,2007
2121,P,5907100,84840,1514
2122,P,5908614,84880,1306
2123,P,5909920,84920,1252
2124,P,5911172,84960,1147
2125,P,5912319,85000,1782
2126,P,5914101,85040,961
2127,P,5915062,85080,529
2128,P,5915591,85120,474
2129,P,5916065,85160,507
2130,P,5916572,85200,24272
2131,P,5940844,85240,1784
2132,P,5942628,85280,825
2133,P,5943453,85320,775
2134,P,5944228,85360,820
2135,P,5945048,85400,1634
2136,P,5946682,85440,898
2137,P,5947580,85480,1062
2138,P,5948642,85520,1062
2139,P,5949704,85560,1606
2140,P,5951310,85600,1600
2141,P,5952910,85640,1065
2142,P,5953975,85680,1006
2143,P,5954981,85720,1541
2144,P,5956522,85760,1462
2145,P,5957984,85800,1034
2146,P,5959018,85840,844
2147,P,5959862,85880,1364
2148,P,5961226,85920,839
2149,P,5962065,85960,1256
2150,I,5963321,86000,28671
2151,P,5991992,86040,1615
2152,P,5993607,86080,1261
2153,P,5994868,86120,2111
2154,P,5996979,86160,1447
2155,P,5998426,86200,2422
2156,P,6000848,86240,3256
2157,P,6004104,86280,1637
2158,P,6005741,86320,2334
2159,P,6008075,86360,2032
2160,P,6010107,86400,1352
2161,P,6011459,86440,1416
2162,P,6012875,86480,1864
2163,P,6014739,86520,2441
2164,P,6017180,86560,1807
2165,P,6018987,86600,1782
2166,P,6020769,86640,1697
2167,P,6022466,86680,2445
2168,P,6024911,86720,1571
2169,P,6026482,86760,15095
2170,P,6041577,86800,1872
2171,P,6043449,86840,2654
2172,P,6046103,86880,2419
2173,P,6048522,86920,1584
2174,P,6050106,86960,1642
2175,P,6051748,87000,1468
2176,P,6053216,87040,2792
2177,P,6056008,87080,1499
2178,P,6057507,87120,1624
2179,P,6059131,87160,1542
2180,P,6060673,87200,1959
2181,P,6062632,87240,1939
2182,P,6064571,87280,1513
2183,P,6066084,87320,1589
2184,P,6067673,87360,2143
2185,P,6069816,87400,2344
2186,P,6072160,87440,1758
2187,P,6073918,87480,1514
2188,P,6075432,87520,2288
2189,P,6077720,87560,1431
2190,P,6079151,87600,2056
2191,P,6081207,87640,1197
2192,P,6082404,87680,2018
2193,P,6084422,87720,1318
2194,P,6085740,87760,2153
2195,P,6087893,87800,1265
2196,P,6089158,87840,1994
2197,P,6091152,87880,1156
2198,P,6092308,87920,11987
2199,P,6104295,87960,458
2200,I,6104753,88000,25720
2201,P,6130473,88040,729
2202,P,6131202,88080,874
2203,P,6132076,88120,98
2204,P,6132174,88160,974
2205,P,6133148,88200,1870
2206,P,6135018,88240,104
2207,P,6135122,88280,922
2208,P,6136044,88320,1294
2209,P,6137338,88360,1675
2210,P,6139013,88400,127
2211,P,6139140,88440,1025
2212,P,6140165,88480,1599
2213,P,6141764,88520,106
2214,P,6141870,88560,989
2215,P,6142859,88600,914
2216,P,6143773,88640,1049
2217,P,6144822,88680,82
2218,P,6144904,88720,897
2219,P,6145801,88760,1158
2220,P,6146959,88800,78
2221,P,6147037,88840,964
2222,P,6148001,88880,1256
2223,P,6149257,88920,79
2224,P,6149336,88960,976
2225,P,6150312,89000,1374
2226,P,6151686,89040,2110
2227,P,6153796,89080,70
2228,P,6153866,89120,1386
2229,P,6155252,89160,1339
2230,P,6156591,89200,94
2231,P,6156685,89240,800
2232,P,6157485,89280,13345
2233,P,6170830,89320,2450
2234,P,6173280,89360,2494
2235,P,6175774,89400,1731
2236,P,6177505,89440,1725
2237,P,6179230,89480,2445
2238,P,6181675,89520,2414
2239,P,6184089,89560,1554
2240,P,6185643,89600,1621
2241,P,6187264,89640,1416
2242,P,6188680,89680,2667
2243,P,6191347,89720,1693
2244,P,6193040,89760,1616
2245,P,6194656,89800,1542
2246,P,6196198,89840,2336
2247,P,6198534,89880,1186
2248,P,6199720,89920,1099
2249,P,6200819,89960,1066
2250,I,6201885,90000,21726
2251,P,6223611,90040,2396
2252,P,6226007,90080,1397
2253,P,6227404,90120,2714
2254,P,6230118,90160,1323
2255,P,6231441,90200,1996
2256,P,6233437,90240,1892
2257,P,6235329,90280,1558
2258,P,6236887,90320,1221
2259,P,6238108,90360,1962
2260,P,6240070,90400,1842
2261,P,6241912,90440,1217
2262,P,6243129,90480,1174
2263,P,6244303,90520,1813
2264,P,6246116,90560,1091
2265,P,6247207,90600,1873
2266,P,6249080,90640,1230
2267,P,6250310,90680,1903
2268,P,6252213,90720,1159
2269,P,6253372,90760,1836
2270,P,6255208,90800,1140
2271,P,6256348,90840,1869
2272,P,6258217,90880,1013
2273,P,6259230,90920,1103
2274,P,6260333,90960,1393
2275,P,6261726,91000,1367
2276,P,6263093,91040,821
2277,P,6263914,91080,742
2278,P,6264656,91120,1018
2279,P,6265674,91160,1091
2280,P,6266765,91200,803
2281,P,6267568,91240,880
2282,P,6268448,91280,882
2283,P,6269330,91320,1391
2284,P,6270721,91360,881
2285,P,6271602,91400,926
2286,P,6272528,91440,846
2287,P,6273374,91480,1374
2288,P,6274748,91520,666
2289,P,6275414,91560,798
2290,P,6276212,91600,618
2291,P,6276830,91640,549
2292,P,6277379,91680,734
2293,P,6278113,91720,15507
2294,P,6293620,91760,673
2295,P,6294293,91800,465
2296,P,6294758,91840,2773
2297,P,6297531,91880,654
2298,P,6298185,91920,635
2299,P,6298820,91960,344
2300,I,6299164,92000,29470
2301,P,6328634,92040,854
2302,P,6329488,92080,827
2303,P,6330315,92120,667
2304,P,6330982,92160,620
2305,P,6331602,92200,650
2306,P,6332252,92240,1188
2307,P,6333440,92280,610
2308,P,6334050,92320,431
2309,P,6334481,92360,652
2310,P,6335133,92400,765
2311,P,6335898,92440,375
2312,P,6336273,92480,455
2313,P,6336728,92520,615
2314,P,6337343,92560,838
2315,P,6338181,92600,1324
2316,P,6339505,92640,436
2317,P,6339941,92680,570
2318,P,6340511,92720,977
2319,P,6341488,92760,1473
2320,P,6342961,92800,718
2321,P,6343679,92840,922
2322,P,6344601,92880,761
2323,P,6345362,92920,860
2324,P,6346222,92960,1492
2325,P,6347714,93000,825
2326,P,6348539,93040,746
2327,P,6349285,93080,781
2328,P,6350066,93120,1579
2329,P,6351645,93160,841
2330,P,6352486,93200,1050
2331,P,6353536,93240,1009
2332,P,6354545,93280,1429
2333,P,6355974,93320,1600
2334,P,6357574,93360,888
2335,P,6358462,93400,944
2336,P,6359406,93440,1420
2337,P,6360826,93480,1617
2338,P,6362443,93520,953
2339,P,6363396,93560,864
2340,P,6364260,93600,1563
2341,P,6365823,93640,1123
2342,P,6366946,93680,1808
2343,P,6368754,93720,1048
2344,P,6369802,93760,1584
2345,P,6371386,93800,871
2346,P,6372257,93840,794
2347,P,6373051,93880,1067
2348,P,6374118,93920,1114
2349,P,6375232,93960,2004
2350,I,6377236,94000,27778
2351,P,6405014,94040,1494
2352,P,6406508,94080,1570
2353,P,6408078,94120,1057
2354,P,6409135,94160,1111
2355,P,6410246,94200,1080
2356,P,6411326,94240,1674
2357,P,6413000,94280,1091
2358,P,6414091,94320,1024
2359,P,6415115,94360,967
2360,P,6416082,94400,1790
2361,P,6417872,94440,1034
2362,P,6418906,94480,1109
2363,P,6420015,94520,1051
2364,P,6421066,94560,970
2365,P,6422036,94600,1587
2366,P,6423623,94640,1019
2367,P,6424642,94680,1222
2368,P,6425864,94720,1036
2369,P,6426900,94760,1764
2370,P,6428664,94800,980
2371,P,6429644,94840,1116
2372,P,6430760,94880,978
2373,P,6431738,94920,1850
2374,P,6433588,94960,2099
2375,P,6435687,95000,1579
2376,P,6437266,95040,1307
2377,P,6438573,95080,2000
2378,P,6440573,95120,1701
2379,P,6442274,95160,1414
2380,P,6443688,95200,1422
2381,P,6445110,95240,1874
2382,P,6446984,95280,1104
2383,P,6448088,95320,1732
2384,P,6449820,95360,1029
2385,P,6450849,95400,1382
2386,P,6452231,95440,920
2387,P,6453151,95480,1372
2388,P,6454523,95520,759
2389,P,6455282,95560,1235
2390,P,6456517,95600,741
2391,P,6457258,95640,754
2392,P,6458012,95680,1208
2393,P,6459220,95720,1150
2394,P,6460370,95760,755
2395,P,6461125,95800,592
2396,P,6461717,95840,580
2397,P,6462297,95880,906
2398,P,6463203,95920,11313
2399,P,6474516,95960,1119
2400,I,6475635,96000,21978
2401,P,6497613,96040,2684
2402,P,6500297,96080,1643
2403,P,6501940,96120,1740
2404,P,6503680,96160,1819
2405,P,6505499,96200,1814
2406,P,6507313,96240,2644
2407,P,6509957,96280,1137
2408,P,6511094,96320,871
2409,P,6511965,96360,808
2410,P,6512773,96400,3003
2411,P,6515776,96440,3320
2412,P,6519096,96480,3181
2413,P,6522277,96520,3816
2414,P,6526093,96560,3375
2415,P,6529468,96600,2562
2416,P,6532030,96640,3821
2417,P,6535851,96680,2488
2418,P,6538339,96720,2213
2419,P,6540552,96760,2028
2420,P,6542580,96800,2450
2421,P,6545030,96840,4033
2422,P,6549063,96880,2142
2423,P,6551205,96920,2357
2424,P,6553562,96960,2007
2425,P,6555569,97000,1835
2426,P,6557404,97040,2294
2427,P,6559698,97080,1441
2428,P,6561139,97120,1507
2429,P,6562646,97160,1586
2430,P,6564232,97200,1533
2431,P,6565765,97240,1954
2432,P,6567719,97280,1323
2433,P,6569042,97320,1103
2434,P,6570145,97360,19509
2435,P,6589654,97400,1139
2436,P,6590793,97440,1580
2437,P,6592373,97480,1720
2438,P,6594093,97520,1200
2439,P,6595293,97560,849
2440,P,6596142,97600,796
2441,P,6596938,97640,719
2442,P,6597657,97680,829
2443,P,6598486,97720,863
2444,P,6599349,97760,993
2445,P,6600342,97800,1122
2446,P,6601464,97840,1214
2447,P,6602678,97880,1087
2448,P,6603765,97920,1010
2449,P,6604775,97960,854
2450,I,6605629,98000,28127
2451,P,6633756,98040,1309
2452,P,6635065,98080,1384
2453,P,6636449,98120,1782
2454,P,6638231,98160,1868
2455,P,6640099,98200,1864
2456,P,6641963,98240,1507
2457,P,6643470,98280,1668
2458,P,6645138,98320,1942
2459,P,6647080,98360,1816
2460,P,6648896,98400,1856
2461,P,6650752,98440,1758
2462,P,6652510,98480,1152
2463,P,6653662,98520,864
2464,P,6654526,98560,844
2465,P,6655370,98600,1103
2466,P,6656473,98640,1106
2467,P,6657579,98680,1432
2468,P,6659011,98720,1317
2469,P,6660328,98760,1022
2470,P,6661350,98800,1060
2471,P,6662410,98840,987
2472,P,6663397,98880,838
2473,P,6664235,98920,863
2474,P,6665098,98960,841
2475,P,6665939,99000,804
2476,P,6666743,99040,670
2477,P,6667413,99080,19962
2478,P,6687375,99120,551
2479,P,6687926,99160,1007
2480,P,6688933,99200,858
2481,P,6689791,99240,1007
2482,P,6690798,99280,876
2483,P,6691674,99320,710
2484,P,6692384,99360,875
2485,P,6693259,99400,676
2486,P,6693935,99440,665
2487,P,6694600,99480,769
2488,P,6695369,99520,834
2489,P,6696203,99560,1368
2490,P,6697571,99600,896
2491,P,6698467,99640,951
2492,P,6699418,99680,1111
2493,P,6700529,99720,968
2494,P,6701497,99760,1160
2495,P,6702657,99800,826
2496,P,6703483,99840,783
2497,P,6704266,99880,775
2498,P,6705041,99920,749
2499,P,6705790,99960,873
2500,I,6706663,100000,23194
2501,P,6729857,100040,1123
2502,P,6730980,100080,1190
2503,P,6732170,100120,1644
2504,P,6733814,100160,2272
2505,P,6736086,100200,1726
2506,P,6737812,100240,1320
2507,P,6739132,100280,1309
2508,P,6740441,100320,1019
2509,P,6741460,100360,1853
2510,P,6743313,100400,977
2511,P,6744290,100440,622
2512,P,6744912,100480,512
2513,P,6745424,100520,600
2514,P,6746024,100560,807
2515,P,6746831,100600,365
2516,P,6747196,100640,25837
2517,P,6773033,100680,849
2518,P,6773882,100720,1670
2519,P,6775552,100760,1114
2520,P,6776666,100800,622
2521,P,6777288,100840,1450
2522,P,6778738,100880,1378
2523,P,6780116,100920,978
2524,P,6781094,100960,1681
2525,P,6782775,101000,3757
2526,P,6786532,101040,947
2527,P,6787479,101080,1906
2528,P,6789385,101120,1508
2529,P,6790893,101160,911
2530,P,6791804,101200,1892
2531,P,6793696,101240,1719
2532,P,6795415,101280,1144
2533,P,6796559,101320,2500
2534,P,6799059,101360,2098
2535,P,6801157,101400,2878
2536,P,6804035,101440,1365
2537,P,6805400,101480,2127
2538,P,6807527,101520,2440
2539,P,6809967,101560,1163
2540,P,6811130,101600,1642
2541,P,6812772,101640,2551
2542,P,6815323,101680,1428
2543,P,6816751,101720,2266
2544,P,6819017,101760,2394
2545,P,6821411,101800,1425
2546,P,6822836,101840,10795
2547,P,6833631,101880,2855
2548,P,6836486,101920,1243
2549,P,6837729,101960,1619
2550,I,6839348,102000,20581
2551,P,6859929,102040,2187
2552,P,6862116,102080,1459
2553,P,6863575,102120,2333
2554,P,6865908,102160,1842
2555,P,6867750,102200,1398
2556,P,6869148,102240,2321
2557,P,6871469,102280,2247
2558,P,6873716,102320,1591
2559,P,6875307,102360,2359
2560,P,6877666,102400,2112
2561,P,6879778,102440,1148
2562,P,6880926,102480,2311
2563,P,6883237,102520,2102
2564,P,6885339,102560,1517
2565,P,6886856,102600,2325
2566,P,6889181,102640,2105
2567,P,6891286,102680,2394
2568,P,6893680,102720,2247
2569,P,6895927,102760,2301
2570,P,6898228,102800,2272
2571,P,6900500,102840,2337
2572,P,6902837,102880,1998
2573,P,6904835,102920,2017
2574,P,6906852,102960,1934
2575,P,6908786,103000,1842
2576,P,6910628,103040,1898
2577,P,6912526,103080,1838
2578,P,6914364,103120,1377
2579,P,6915741,103160,1551
2580,P,6917292,103200,1189
2581,P,6918481,103240,1077
2582,P,6919558,103280,1206
2583,P,6920764,103320,1478
2584,P,6922242,103360,1246
2585,P,6923488,103400,1678
2586,P,6925166,103440,873
2587,P,6926039,103480,167
2588,P,6926206,103520,2822
2589,P,6929028,103560,2409
2590,P,6931437,103600,2413
2591,P,6933850,103640,1391
2592,P,6935241,103680,1257
2593,P,6936498,103720,3361
2594,P,6939859,103760,1324
2595,P,6941183,103800,1504
2596,P,6942687,103840,1511
2597,P,6944198,103880,992
2598,P,6945190,103920,842
2599,P,6946032,103960,622
2600,I,6946654,104000,23518
2601,P,6970172,104040,822
2602,P,6970994,104080,1427
2603,P,6972421,104120,1209
2604,P,6973630,104160,1964
2605,P,6975594,104200,2030
2606,P,6977624,104240,1519
2607,P,6979143,104280,2311
2608,P,6981454,104320,1997
2609,P,6983451,104360,2662
2610,P,6986113,104400,1868
2611,P,6987981,104440,3451
2612,P,6991432,104480,2449
2613,P,6993881,104520,1693
2614,P,6995574,104560,1887
2615,P,6997461,104600,510
2616,P,6997971,104640,1291
2617,P,6999262,104680,137
2618,P,6999399,104720,1750
2619,P,7001149,104760,224
2620,P,7001373,104800,1590
2621,P,7002963,104840,130
2622,P,7003093,104880,1202
2623,P,7004295,104920,1473
2624,P,7005768,104960,1403
2625,P,7007171,105000,443
2626,P,7007614,105040,128
2627,P,7007742,105080,211
2628,P,7007953,105120,121
2629,P,7008074,105160,131
2630,P,7008205,105200,266
2631,P,7008471,105240,115
2632,P,7008586,105280,119
2633,P,7008705,105320,53
2634,P,7008758,105360,51
2635,P,7008809,105400,40
2636,P,7008849,105440,2444
2637,P,7011293,105480,41
2638,P,7011334,105520,154
2639,P,7011488,105560,41
2640,P,7011529,105600,113
2641,P,7011642,105640,308
2642,P,7011950,105680,45
2643,P,7011995,105720,48
2644,P,7012043,105760,47
2645,P,7012090,105800,46
2646,P,7012136,105840,39
2647,P,7012175,105880,46
2648,P,7012221,105920,34
2649,P,7012255,105960,38
2650,I,7012293,106000,36069
2651,P,7048362,106040,165
2652,P,7048527,106080,52
2653,P,7048579,106120,59
2654,P,7048638,106160,254
2655,P,7048892,106200,60
2656,P,7048952,106240,335
2657,P,7049287,106280,65
2658,P,7049352,106320,60
2659,P,7049412,106360,52
2660,P,7049464,106400,76
2661,P,7049540,106440,45
2662,P,7049585,106480,54
2663,P,7049639,106520,110
2664,P,7049749,106560,59
2665,P,7049808,106600,159
2666,P,7049967,106640,84
2667,P,7050051,106680,51
2668,P,7050102,106720,415
2669,P,7050517,106760,52
2670,P,7050569,106800,117
2671,P,7050686,106840,47
2672,P,7050733,106880,75
2673,P,7050808,106920,138
2674,P,7050946,106960,74
2675,P,7051020,107000,54
2676,P,7051074,107040,48
2677,P,7051122,107080,57
2678,P,7051179,107120,62
2679,P,7051241,107160,41
2680,P,7051282,107200,89
2681,P,7051371,107240,112
2682,P,7051483,107280,137
2683,P,7051620,107320,54
2684,P,7051674,107360,73
2685,P,7051747,107400,57
2686,P,7051804,107440,255
2687,P,7052059,107480,56
2688,P,7052115,107520,225
2689,P,7052340,107560,41
2690,P,7052381,107600,133
2691,P,7052514,107640,114
2692,P,7052628,107680,44
2693,P,7052672,107720,47
2694,P,7052719,107760,71
2695,P,7052790,107800,1634
2696,P,7054424,107840,46
2697,P,7054470,107880,165
2698,P,7054635,107920,33
2699,P,7054668,107960,52
2700,I,7054720,108000,25393
2701,P,7080113,108040,153
2702,P,7080266,108080,258
2703,P,7080524,108120,74
2704,P,7080598,108160,468
2705,P,7081066,108200,96
2706,P,7081162,108240,466
2707,P,7081628,108280,59
2708,P,7081687,108320,2536
2709,P,7084223,108360,1520
2710,P,7085743,108400,1389
2711,P,7087132,108440,1360
2712,P,7088492,108480,1346
2713,P,7089838,108520,1230
2714,P,7091068,108560,1323
2715,P,7092391,108600,1378
2716,P,7093769,108640,1542
2717,P,7095311,108680,1483
2718,P,7096794,108720,1412
2719,P,7098206,108760,1340
2720,P,7099546,108800,1130
2721,P,7100676,108840,1141
2722,P,7101817,108880,1036
2723,P,7102853,108920,1095
2724,P,7103948,108960,1077
2725,P,7105025,109000,1174
2726,P,7106199,109040,1190
2727,P,7107389,109080,1160
2728,P,7108549,109120,1176
2729,P,7109725,109160,1114
2730,P,7110839,109200,1083
2731,P,7111922,109240,1024
2732,P,7112946,109280,1115
2733,P,7114061,109320,1187
2734,P,7115248,109360,1206
2735,P,7116454,109400,1084
2736,P,7117538,109440,1143
2737,P,7118681,109480,1158
2738,P,7119839,109520,1188
2739,P,7121027,109560,1098
2740,P,7122125,109600,1124
2741,P,7123249,109640,1109
2742,P,7124358,109680,1058
2743,P,7125416,109720,1082
2744,P,7126498,109760,1054
2745,P,7127552,109800,949
2746,P,7128501,109840,927
2747,P,7129428,109880,875
2748,P,7130303,109920,697
2749,P,7131000,109960,720
2750,I,7131720,110000,5337
2751,P,7137057,110040,1041
2752,P,7138098,110080,953
2753,P,7139051,110120,720
2754,P,7139771,110160,727
2755,P,7140498,110200,482
2756,P,7140980,110240,556
2757,P,7141536,110280,92
2758,P,7141628,110320,16451
2759,P,7158079,110360,7609
2760,P,7165688,110400,5417
2761,P,7171105,110440,4856
2762,P,7175961,110480,4019
2763,P,7179980,110520,3213
2764,P,7183193,110560,4128
2765,P,7187321,110600,4367
2766,P,7191688,110640,3699
2767,P,7195387,110680,4060
2768,P,7199447,110720,4825
2769,P,7204272,110760,4847
2770,P,7209119,110800,4783
2771,P,7213902,110840,4731
2772,P,7218633,110880,4942
2773,P,7223575,110920,4421
2774,P,7227996,110960,5175
2775,P,7233171,111000,5096
2776,P,7238267,111040,4806
2777,P,7243073,111080,4537
2778,P,7247610,111120,5238
2779,P,7252848,111160,5035
2780,P,7257883,111200,6399
2781,P,7264282,111240,3842
2782,P,7268124,111280,3944
2783,P,7272068,111320,3856
2784,P,7275924,111360,4168
2785,P,7280092,111400,3457
2786,P,7283549,111440,3216
2787,P,7286765,111480,3146
2788,P,7289911,111520,22899
2789,P,7312810,111560,3926
2790,P,7316736,111600,4543
2791,P,7321279,111640,5030
2792,P,7326309,111680,4675
2793,P,7330984,111720,4479
2794,P,7335463,111760,4393
2795,P,7339856,111800,4277
2796,P,7344133,111840,3927
2797,P,7348060,111880,3919
2798,P,7351979,111920,3929
2799,P,7355908,111960,3626
2800,I,7359534,112000,30728
2801,P,7390262,112040,4504
2802,P,7394766,112080,5443
2803,P,7400209,112120,5214
2804,P,7405423,112160,5071
2805,P,7410494,112200,5386
2806,P,7415880,112240,5730
2807,P,7421610,112280,5482
2808,P,7427092,112320,5077
2809,P,7432169,112360,4326
2810,P,7436495,112400,4507
2811,P,7441002,112440,4111
2812,P,7445113,112480,4023
2813,P,7449136,112520,3667
2814,P,7452803,112560,11237
2815,P,7464040,112600,1126
2816,P,7465166,112640,1575
2817,P,7466741,112680,1991
2818,P,7468732,112720,2060
2819,P,7470792,112760,2079
2820,P,7472871,112800,2329
2821,P,7475200,112840,2294
2822,P,7477494,112880,2165
2823,P,7479659,112920,2154
2824,P,7481813,112960,2259
2825,P,7484072,113000,2395
2826,P,7486467,113040,2229
2827,P,7488696,113080,2162
2828,P,7490858,113120,2228
2829,P,7493086,113160,2284
2830,P,7495370,113200,2221
2831,P,7497591,113240,2084
2832,P,7499675,113280,2329
2833,P,7502004,113320,1751
2834,P,7503755,113360,1805
2835,P,7505560,113400,1707
2836,P,7507267,113440,1650
2837,P,7508917,113480,1693
2838,P,7510610,113520,1572
2839,P,7512182,113560,2141
2840,P,7514323,113600,2106
2841,P,7516429,113640,2075
2842,P,7518504,113680,2294
2843,P,7520798,113720,2052
2844,P,7522850,113760,2132
2845,P,7524982,113800,2176
2846,P,7527158,113840,1935
2847,P,7529093,113880,2048
2848,P,7531141,113920,1576
2849,P,7532717,113960,1436
2850,I,7534153,114000,13859
2851,P,7548012,114040,1633
2852,P,7549645,114080,2207
2853,P,7551852,114120,2379
2854,P,7554231,114160,2036
2855,P,7556267,114200,1798
2856,P,7558065,114240,1687
2857,P,7559752,114280,1794
2858,P,7561546,114320,1801
2859,P,7563347,114360,1796
2860,P,7565143,114400,1665
2861,P,7566808,114440,1667
2862,P,7568475,114480,1715
2863,P,7570190,114520,1569
2864,P,7571759,114560,3023
2865,P,7574782,114600,1781
2866,P,7576563,114640,1652
2867,P,7578215,114680,1556
2868,P,7579771,114720,1251
2869,P,7581022,114760,15843
2870,P,7596865,114800,740
2871,P,7597605,114840,592
2872,P,7598197,114880,688
2873,P,7598885,114920,887
2874,P,7599772,114960,960
2875,P,7600732,115000,798
2876,P,7601530,115040,859
2877,P,7602389,115080,832
2878,P,7603221,115120,1247
2879,P,7604468,115160,1006
2880,P,7605474,115200,954
2881,P,7606428,115240,914
2882,P,7607342,115280,882
2883,P,7608224,115320,1359
2884,P,7609583,115360,822
2885,P,7610405,115400,750
2886,P,7611155,115440,681
2887,P,7611836,115480,645
2888,P,7612481,115520,1010
2889,P,7613491,115560,664
2890,P,7614155,115600,725
2891,P,7614880,115640,619
2892,P,7615499,115680,722
2893,P,7616221,115720,902
2894,P,7617123,115760,2808
2895,P,7619931,115800,636
2896,P,7620567,115840,624
2897,P,7621191,115880,564
2898,P,7621755,115920,726
2899,P,7622481,115960,343
2900,I,7622824,116000,18347
2901,P,7641171,116040,877
2902,P,7642048,116080,1788
2903,P,7643836,116120,1439
2904,P,7645275,116160,1701
2905,P,7646976,116200,1899
2906,P,7648875,116240,2051
2907,P,7650926,116280,3724
2908,P,7654650,116320,2672
2909,P,7657322,116360,2907
2910,P,7660229,116400,3414
2911,P,7663643,116440,3088
2912,P,7666731,116480,3732
2913,P,7670463,116520,2740
2914,P,7673203,116560,2664
2915,P,7675867,116600,2465
2916,P,7678332,116640,2385
2917,P,7680717,116680,3724
2918,P,7684441,116720,2480
2919,P,7686921,116760,2374
2920,P,7689295,116800,2621
2921,P,7691916,116840,2470
2922,P,7694386,116880,3323
2923,P,7697709,116920,2130
2924,P,7699839,116960,2116
2925,P,7701955,117000,1764
2926,P,7703719,117040,17687
2927,P,7721406,117080,841
2928,P,7722247,117120,918
2929,P,7723165,117160,908
2930,P,7724073,117200,1767
2931,P,7725840,117240,933
2932,P,7726773,117280,1149
2933,P,7727922,117320,1497
2934,P,7729419,117360,1047
2935,P,7730466,117400,1406
2936,P,7731872,117440,879
2937,P,7732751,117480,882
2938,P,7733633,117520,953
2939,P,7734586,117560,854
2940,P,7735440,117600,1120
2941,P,7736560,117640,1037
2942,P,7737597,117680,1035
2943,P,7738632,117720,1038
2944,P,7739670,117760,1343
2945,P,7741013,117800,1838
2946,P,7742851,117840,1404
2947,P,7744255,117880,1196
2948,P,7745451,117920,969
2949,P,7746420,117960,729
2950,I,7747149,118000,20828
2951,P,7767977,118040,802
2952,P,7768779,118080,555
2953,P,7769334,118120,512
2954,P,7769846,118160,540
2955,P,7770386,118200,12626
2956,P,7783012,118240,3775
2957,P,7786787,118280,4417
2958,P,7791204,118320,4237
2959,P,7795441,118360,4177
2960,P,7799618,118400,4311
2961,P,7803929,118440,3985
2962,P,7807914,118480,6051
2963,P,7813965,118520,3998
2964,P,7817963,118560,4007
2965,P,7821970,118600,4069
2966,P,7826039,118640,4031
2967,P,7830070,118680,3947
2968,P,7834017,118720,3744
2969,P,7837761,118760,3703
2970,P,7841464,118800,3759
2971,P,7845223,118840,3593
2972,P,7848816,118880,3719
2973,P,7852535,118920,3597
2974,P,7856132,118960,3852
2975,P,7859984,119000,3624
2976,P,7863608,119040,3772
2977,P,7867380,119080,3700
2978,P,7871080,119120,3745
2979,P,7874825,119160,3820
2980,P,7878645,119200,3690
2981,P,7882335,119240,3602
2982,P,7885937,119280,3762
2983,P,7889699,119320,3613
2984,P,7893312,119360,3616
2985,P,7896928,119400,3607
2986,P,7900535,119440,3657
2987,P,7904192,119480,3495
2988,P,7907687,119520,3396
2989,P,7911083,119560,3525
2990,P,7914608,119600,3799
2991,P,7918407,119640,3395
2992,P,7921802,119680,3298
2993,P,7925100,119720,3117
2994,P,7928217,119760,3036
2995,P,7931253,119800,3112
2996,P,7934365,119840,2613
2997,P,7936978,119880,2303
2998,P,7939281,119920,1811
2999,P,7941092,119960,1380
3000,I,7942472,120000,17718
3001,P,7960190,120040,3389
3002,P,7963579,120080,4586
3003,P,7968165,120120,4423
3004,P,7972588,120160,4409
3005,P,7976997,120200,4267
3006,P,7981264,120240,4291
3007,P,7985555,120280,4146
3008,P,7989701,120320,4195
3009,P,7993896,120360,3995
3010,P,7997891,120400,4009
3011,P,8001900,120440,4077
3012,P,8005977,120480,3941
3013,P,8009918,120520,3788
3014,P,8013706,120560,3729
3015,P,8017435,120600,3693
3016,P,8021128,120640,3713
3017,P,8024841,120680,3616
3018,P,8028457,120720,3587
3019,P,8032044,120760,3569
3020,P,8035613,120800,3444
3021,P,8039057,120840,3498
3022,P,8042555,120880,3217
3023,P,8045772,120920,2969
3024,P,8048741,120960,2826
3025,P,8051567,121000,2450
3026,P,8054017,121040,1847
3027,P,8055864,121080,1550
3028,P,8057414,121120,11605
3029,P,8069019,121160,119
3030,P,8069138,121200,1131
3031,P,8070269,121240,1104
3032,P,8071373,121280,1234
3033,P,8072607,121320,1173
3034,P,8073780,121360,1036
3035,P,8074816,121400,1412
3036,P,8076228,121440,1857
3037,P,8078085,121480,1786
3038,P,8079871,121520,1569
3039,P,8081440,121560,1825
3040,P,8083265,121600,1243
3041,P,8084508,121640,1234
3042,P,8085742,121680,1267
3043,P,8087009,121720,1252
3044,P,8088261,121760,1646
3045,P,8089907,121800,67
3046,P,8089974,121840,1073
3047,P,8091047,121880,1139
3048,P,8092186,121920,1108
3049,P,8093294,121960,756
3050,I,8094050,122000,14774
3051,P,8108824,122040,1436
3052,P,8110260,122080,1411
3053,P,8111671,122120,2041
3054,P,8113712,122160,101
3055,P,8113813,122200,1439
3056,P,8115252,122240,1868
3057,P,8117120,122280,1647
3058,P,8118767,122320,1750
3059,P,8120517,122360,2105
3060,P,8122622,122400,1829
3061,P,8124451,122440,2205
3062,P,8126656,122480,82
3063,P,8126738,122520,1683
3064,P,8128421,122560,1646
3065,P,8130067,122600,1828
3066,P,8131895,122640,1703
3067,P,8133598,122680,2035
3068,P,8135633,122720,1724
3069,P,8137357,122760,1715
3070,P,8139072,122800,2077
3071,P,8141149,122840,76
3072,P,8141225,122880,1504
3073,P,8142729,122920,4867
3074,P,8147596,122960,1690
3075,P,8149286,123000,1887
3076,P,8151173,123040,2254
3077,P,8153427,123080,2103
3078,P,8155530,123120,2729
3079,P,8158259,123160,89
3080,P,8158348,123200,2050
3081,P,8160398,123240,2167
3082,P,8162565,123280,2560
3083,P,8165125,123320,2358
3084,P,8167483,123360,2371
3085,P,8169854,123400,2060
3086,P,8171914,123440,1979
3087,P,8173893,123480,2516
3088,P,8176409,123520,121
3089,P,8176530,123560,1573
3090,P,8178103,123600,1693
3091,P,8179796,123640,2130
3092,P,8181926,123680,1778
3093,P,8183704,123720,2394
3094,P,8186098,123760,1783
3095,P,8187881,123800,1980
3096,P,8189861,123840,96
3097,P,8189957,123880,1929
3098,P,8191886,123920,1429
3099,P,8193315,123960,1557
3100,I,8194872,124000,15688
3101,P,8210560,124040,1654
3102,P,8212214,124080,2485
3103,P,8214699,124120,2303
3104,P,8217002,124160,2745
3105,P,8219747,124200,105
3106,P,8219852,124240,1848
3107,P,8221700,124280,2283
3108,P,8223983,124320,2627
3109,P,8226610,124360,2260
3110,P,8228870,124400,2714
3111,P,8231584,124440,2308
3112,P,8233892,124480,2330
3113,P,8236222,124520,87
3114,P,8236309,124560,2557
3115,P,8238866,124600,2238
3116,P,8241104,124640,2575
3117,P,8243679,124680,2395
3118,P,8246074,124720,2407
3119,P,8248481,124760,2852
3120,P,8251333,124800,2430
3121,P,8253763,124840,106
3122,P,8253869,124880,2661
3123,P,8256530,124920,2268
3124,P,8258798,124960,2601
3125,P,8261399,125000,2611
3126,P,8264010,125040,2239
3127,P,8266249,125080,2682
3128,P,8268931,125120,2332
3129,P,8271263,125160,2144
3130,P,8273407,125200,112
3131,P,8273519,125240,2440
3132,P,8275959,125280,2398
3133,P,8278357,125320,2473
3134,P,8280830,125360,2215
3135,P,8283045,125400,2079
3136,P,8285124,125440,2529
3137,P,8287653,125480,1939
3138,P,8289592,125520,68
3139,P,8289660,125560,1885
3140,P,8291545,125600,2199
3141,P,8293744,125640,1914
3142,P,8295658,125680,3559
3143,P,8299217,125720,1988
3144,P,8301205,125760,2207
3145,P,8303412,125800,1886
3146,P,8305298,125840,1817
3147,P,8307115,125880,109
3148,P,8307224,125920,1540
3149,P,8308764,125960,1148
3150,I,8309912,126000,13381
3151,P,8323293,126040,1552
3152,P,8324845,126080,2162
3153,P,8327007,126120,2545
3154,P,8329552,126160,2458
3155,P,8332010,126200,77
3156,P,8332087,126240,2637
3157,P,8334724,126280,2310
3158,P,8337034,126320,2059
3159,P,8339093,126360,2279
3160,P,8341372,126400,1885
3161,P,8343257,126440,2200
3162,P,8345457,126480,2016
3163,P,8347473,126520,2333
3164,P,8349806,126560,82
3165,P,8349888,126600,2772
3166,P,8352660,126640,2732
3167,P,8355392,126680,3390
3168,P,8358782,126720,3170
3169,P,8361952,126760,3255
3170,P,8365207,126800,3817
3171,P,8369024,126840,3432
3172,P,8372456,126880,149
3173,P,8372605,126920,3477
3174,P,8376082,126960,3060
3175,P,8379142,127000,3030
3176,P,8382172,127040,3411
3177,P,8385583,127080,2468
3178,P,8388051,127120,3126
3179,P,8391177,127160,2859
3180,P,8394036,127200,2812
3181,P,8396848,127240,142
3182,P,8396990,127280,2813
3183,P,8399803,127320,2282
3184,P,8402085,127360,2450
3185,P,8404535,127400,2627
3186,P,8407162,127440,2484
3187,P,8409646,127480,2862
3188,P,8412508,127520,2349
3189,P,8414857,127560,153
3190,P,8415010,127600,2148
3191,P,8417158,127640,2347
3192,P,8419505,127680,1804
3193,P,8421309,127720,2011
3194,P,8423320,127760,2081
3195,P,8425401,127800,1507
3196,P,8426908,127840,1604
3197,P,8428512,127880,138
3198,P,8428650,127920,594
3199,P,8429244,127960,815
3200,I,8430059,128000,13627
3201,P,8443686,128040,1644
3202,P,8445330,128080,1764
3203,P,8447094,128120,1869
3204,P,8448963,128160,1806
3205,P,8450769,128200,1426
3206,P,8452195,128240,539
3207,P,8452734,128280,1612
3208,P,8454346,128320,1530
3209,P,8455876,128360,1635
3210,P,8457511,128400,1586
3211,P,8459097,128440,1465
3212,P,8460562,128480,923
3213,P,8461485,128520,1080
3214,P,8462565,128560,619
3215,P,8463184,128600,939
3216,P,8464123,128640,723
3217,P,8464846,128680,747
3218,P,8465593,128720,857
3219,P,8466450,128760,920
3220,P,8467370,128800,1155
3221,P,8468525,128840,1563
3222,P,8470088,128880,2044
3223,P,8472132,128920,1395
3224,P,8473527,128960,252
3225,P,8473779,129000,212
3226,P,8473991,129040,423
3227,P,8474414,129080,733
3228,P,8475147,129120,952
3229,P,8476099,129160,1302
3230,P,8477401,129200,1513
3231,P,8478914,129240,1642
3232,P,8480556,129280,1351
3233,P,8481907,129320,1323
3234,P,8483230,129360,1418
3235,P,8484648,129400,76
3236,P,8484724,129440,46
3237,P,8484770,129480,57
3238,P,8484827,129520,47
3239,P,8484874,129560,48
3240,P,8484922,129600,54
3241,P,8484976,129640,44
3242,P,8485020,129680,50
3243,P,8485070,129720,39
3244,P,8485109,129760,48
3245,P,8485157,129800,46
3246,P,8485203,129840,37
3247,P,8485240,129880,39
3248,P,8485279,129920,42
3249,P,8485321,129960,40
3250,I,8485361,130000,5012
3251,P,8490373,130040,35
3252,P,8490408,130080,39
3253,P,8490447,130120,37
3254,P,8490484,130160,53
3255,P,8490537,130200,38
3256,P,8490575,130240,32
3257,P,8490607,130280,48
3258,P,8490655,130320,40
3259,P,8490695,130360,43
3260,P,8490738,130400,37
3261,P,8490775,130440,39
3262,P,8490814,130480,42
3263,P,8490856,130520,38
3264,P,8490894,130560,38
3265,P,8490932,130600,35
3266,P,8490967,130640,37
3267,P,8491004,130680,34
3268,P,8491038,130720,36
3269,P,8491074,130760,36
3270,P,8491110,130800,51
3271,P,8491161,130840,44
3272,P,8491205,130880,42
3273,P,8491247,130920,39
3274,P,8491286,130960,122
3275,P,8491408,131000,365
3276,P,8491773,131040,534
3277,P,8492307,131080,640
3278,P,8492947,131120,782
3279,P,8493729,131160,761
3280,P,8494490,131200,986
3281,P,8495476,131240,920
3282,P,8496396,131280,702
3283,P,8497098,131320,563
3284,P,8497661,131360,433
3285,P,8498094,131400,365
3286,P,8498459,131440,198
3287,P,8498657,131480,177
3288,P,8498834,131520,128
3289,P,8498962,131560,197
