0,I,0,0,7227
1,P,7227,40,1309
2,P,8536,80,2479
3,P,11015,120,2392
4,P,13407,160,1904
5,P,15311,200,2740
6,P,18051,240,1794
7,P,19845,280,2993
8,P,22838,320,1450
9,P,24288,360,2453
10,P,26741,400,616
11,P,27357,440,1041
12,P,28398,480,2027
13,P,30425,520,1312
14,P,31737,560,1335
15,P,33072,600,2749
16,P,35821,640,1550
17,P,37371,680,1607
18,P,38978,720,3605
19,P,42583,760,1578
20,P,44161,800,1717
21,P,45878,840,2178
22,P,48056,880,884
23,P,48940,920,747
24,P,49687,960,1683
25,P,51370,1000,1402
26,P,52772,1040,2351
27,P,55123,1080,1466
28,P,56589,1120,2461
29,P,59050,1160,1510
30,P,60560,1200,2565
31,P,63125,1240,2606
32,P,65731,1280,1607
33,P,67338,1320,1482
34,P,68820,1360,2101
35,P,70921,1400,1212
36,P,72133,1440,1257
37,P,73390,1480,2474
38,P,75864,1520,1045
39,P,76909,1560,1047
40,P,77956,1600,4363
41,P,82319,1640,2582
42,P,84901,1680,2039
43,P,86940,1720,2260
44,P,89200,1760,3512
45,P,92712,1800,1919
46,P,94631,1840,738
47,P,95369,1880,984
48,P,96353,1920,636
49,P,96989,1960,847
50,I,97836,2000,9139
51,P,106975,2040,1410
52,P,108385,2080,1765
53,P,110150,2120,2873
54,P,113023,2160,1753
55,P,114776,2200,2223
56,P,116999,2240,4235
57,P,121234,2280,39
58,P,121273,2320,39
59,P,121312,2360,39
60,P,121351,2400,39
61,P,121390,2440,979
62,P,122369,2480,991
63,P,123360,2520,1162
64,P,124522,2560,2124
65,P,126646,2600,738
66,P,127384,2640,1121
67,P,128505,2680,2318
68,P,130823,2720,2726
69,P,133549,2760,2069
70,P,135618,2800,3367
71,P,138985,2840,2046
72,P,141031,2880,1700
73,P,142731,2920,906
74,P,143637,2960,600
75,P,144237,3000,544
76,P,144781,3040,1493
77,P,146274,3080,1857
78,P,148131,3120,1740
79,P,149871,3160,1746
80,P,151617,3200,2712
81,P,154329,3240,1913
82,P,156242,3280,2026
83,P,158268,3320,2589
84,P,160857,3360,1347
85,P,162204,3400,1647
86,P,163851,3440,2259
87,P,166110,3480,764
88,P,166874,3520,603
89,P,167477,3560,1575
90,P,169052,3600,1733
91,P,170785,3640,2262
92,P,173047,3680,2245
93,P,175292,3720,7031
94,P,182323,3760,1931
95,P,184254,3800,921
96,P,185175,3840,991
97,P,186166,3880,1334
98,P,187500,3920,1806
99,P,189306,3960,1888
100,I,191194,4000,9804
101,P,200998,4040,1096
102,P,202094,4080,2804
103,P,204898,4120,1629
104,P,206527,4160,1445
105,P,207972,4200,3373
106,P,211345,4240,654
107,P,211999,4280,476
108,P,212475,4320,1309
109,P,213784,4360,1990
110,P,215774,4400,1321
111,P,217095,4440,2363
112,P,219458,4480,1393
113,P,220851,4520,2019
114,P,222870,4560,1292
115,P,224162,4600,2277
116,P,226439,4640,1697
117,P,228136,4680,2377
118,P,230513,4720,2236
119,P,232749,4760,797
120,P,233546,4800,1148
121,P,234694,4840,2160
122,P,236854,4880,1062
123,P,237916,4920,1138
124,P,239054,4960,2451
125,P,241505,5000,1136
126,P,242641,5040,1215
127,P,243856,5080,1967
128,P,245823,5120,1462
129,P,247285,5160,1719
130,P,249004,5200,1974
131,P,250978,5240,2769
132,P,253747,5280,2455
133,P,256202,5320,978
134,P,257180,5360,1550
135,P,258730,5400,831
136,P,259561,5440,1102
137,P,260663,5480,1428
138,P,262091,5520,1710
139,P,263801,5560,1749
140,P,265550,5600,2242
141,P,267792,5640,1596
142,P,269388,5680,1345
143,P,270733,5720,1886
144,P,272619,5760,837
145,P,273456,5800,645
146,P,274101,5840,887
147,P,274988,5880,908
148,P,275896,5920,710
149,P,276606,5960,114
150,I,276720,6000,3201
151,P,279921,6040,94
152,P,280015,6080,88
153,P,280103,6120,111
154,P,280214,6160,115
155,P,280329,6200,84
156,P,280413,6240,107
157,P,280520,6280,93
158,P,280613,6320,111
159,P,280724,6360,105
160,P,280829,6400,110
161,P,280939,6440,2138
162,P,283077,6480,2731
163,P,285808,6520,2110
164,P,287918,6560,2451
165,P,290369,6600,1924
166,P,292293,6640,1566
167,P,293859,6680,1759
168,P,295618,6720,2127
169,P,297745,6760,1450
170,P,299195,6800,1834
171,P,301029,6840,1892
172,P,302921,6880,1822
173,P,304743,6920,1907
174,P,306650,6960,2028
175,P,308678,7000,1573
176,P,310251,7040,1643
177,P,311894,7080,2164
178,P,314058,7120,1350
179,P,315408,7160,2006
180,P,317414,7200,2509
181,P,319923,7240,1670
182,P,321593,7280,2501
183,P,324094,7320,3013
184,P,327107,7360,1725
185,P,328832,7400,2700
186,P,331532,7440,2589
187,P,334121,7480,1353
188,P,335474,7520,1886
189,P,337360,7560,2466
190,P,339826,7600,1530
191,P,341356,7640,2024
192,P,343380,7680,2397
193,P,345777,7720,1558
194,P,347335,7760,1763
195,P,349098,7800,2106
196,P,351204,7840,1494
197,P,352698,7880,1258
198,P,353956,7920,1574
199,P,355530,7960,858
200,I,356388,8000,12940
201,P,369328,8040,6567
202,P,375895,8080,832
203,P,376727,8120,2398
204,P,379125,8160,644
205,P,379769,8200,698
206,P,380467,8240,421
207,P,380888,8280,564
208,P,381452,8320,810
209,P,382262,8360,326
210,P,382588,8400,488
211,P,383076,8440,777
212,P,383853,8480,423
213,P,384276,8520,973
214,P,385249,8560,1812
215,P,387061,8600,868
216,P,387929,8640,1091
217,P,389020,8680,1218
218,P,390238,8720,522
219,P,390760,8760,761
220,P,391521,8800,969
221,P,392490,8840,591
222,P,393081,8880,14969
223,P,408050,8920,1584
224,P,409634,8960,1805
225,P,411439,9000,1502
226,P,412941,9040,1714
227,P,414655,9080,1642
228,P,416297,9120,1682
229,P,417979,9160,1456
230,P,419435,9200,1698
231,P,421133,9240,1596
232,P,422729,9280,1783
233,P,424512,9320,1682
234,P,426194,9360,1855
235,P,428049,9400,1772
236,P,429821,9440,1506
237,P,431327,9480,1688
238,P,433015,9520,2019
239,P,435034,9560,1957
240,P,436991,9600,1540
241,P,438531,9640,1842
242,P,440373,9680,1714
243,P,442087,9720,1308
244,P,443395,9760,1712
245,P,445107,9800,1646
246,P,446753,9840,1182
247,P,447935,9880,1472
248,P,449407,9920,1113
249,P,450520,9960,911
250,I,451431,10000,12725
251,P,464156,10040,7764
252,P,471920,10080,1468
253,P,473388,10120,2225
254,P,475613,10160,2460
255,P,478073,10200,1515
256,P,479588,10240,1686
257,P,481274,10280,1732
258,P,483006,10320,1703
259,P,484709,10360,1766
260,P,486475,10400,2292
261,P,488767,10440,1710
262,P,490477,10480,1933
263,P,492410,10520,2037
264,P,494447,10560,1639
265,P,496086,10600,2042
266,P,498128,10640,2461
267,P,500589,10680,1793
268,P,502382,10720,2066
269,P,504448,10760,2456
270,P,506904,10800,1675
271,P,508579,10840,2053
272,P,510632,10880,3965
273,P,514597,10920,1612
274,P,516209,10960,1980
275,P,518189,11000,2198
276,P,520387,11040,1562
277,P,521949,11080,1947
278,P,523896,11120,2267
279,P,526163,11160,2053
280,P,528216,11200,1922
281,P,530138,11240,2338
282,P,532476,11280,2489
283,P,534965,11320,1695
284,P,536660,11360,2408
285,P,539068,11400,2419
286,P,541487,11440,1765
287,P,543252,11480,2570
288,P,545822,11520,2633
289,P,548455,11560,2050
290,P,550505,11600,3807
291,P,554312,11640,4565
292,P,558877,11680,2608
293,P,561485,11720,4526
294,P,566011,11760,4990
295,P,571001,11800,2530
296,P,573531,11840,4723
297,P,578254,11880,3284
298,P,581538,11920,1494
299,P,583032,11960,2761
300,I,585793,12000,19431
301,P,605224,12040,1755
302,P,606979,12080,3388
303,P,610367,12120,3864
304,P,614231,12160,2248
305,P,616479,12200,3761
306,P,620240,12240,3856
307,P,624096,12280,2188
308,P,626284,12320,4413
309,P,630697,12360,4134
310,P,634831,12400,2703
311,P,637534,12440,4636
312,P,642170,12480,4677
313,P,646847,12520,2490
314,P,649337,12560,4460
315,P,653797,12600,4639
316,P,658436,12640,2726
317,P,661162,12680,4361
318,P,665523,12720,4320
319,P,669843,12760,2867
320,P,672710,12800,4670
321,P,677380,12840,4376
322,P,681756,12880,4253
323,P,686009,12920,2837
324,P,688846,12960,4435
325,P,693281,13000,4513
326,P,697794,13040,2664
327,P,700458,13080,4036
328,P,704494,13120,3941
329,P,708435,13160,2406
330,P,710841,13200,3366
331,P,714207,13240,3388
332,P,717595,13280,2173
333,P,719768,13320,3057
334,P,722825,13360,3093
335,P,725918,13400,1800
336,P,727718,13440,2634
337,P,730352,13480,2927
338,P,733279,13520,1747
339,P,735026,13560,2826
340,P,737852,13600,2581
341,P,740433,13640,2000
342,P,742433,13680,2489
343,P,744922,13720,2314
344,P,747236,13760,1311
345,P,748547,13800,2354
346,P,750901,13840,2285
347,P,753186,13880,1187
348,P,754373,13920,1933
349,P,756306,13960,1633
350,I,757939,14000,9316
351,P,767255,14040,11626
352,P,778881,14080,453
353,P,779334,14120,329
354,P,779663,14160,518
355,P,780181,14200,473
356,P,780654,14240,235
357,P,780889,14280,433
358,P,781322,14320,544
359,P,781866,14360,352
360,P,782218,14400,595
361,P,782813,14440,743
362,P,783556,14480,351
363,P,783907,14520,520
364,P,784427,14560,775
365,P,785202,14600,571
366,P,785773,14640,403
367,P,786176,14680,863
368,P,787039,14720,646
369,P,787685,14760,440
370,P,788125,14800,624
371,P,788749,14840,296
372,P,789045,14880,144
373,P,789189,14920,374
374,P,789563,14960,526
375,P,790089,15000,365
376,P,790454,15040,592
377,P,791046,15080,453
378,P,791499,15120,278
379,P,791777,15160,430
380,P,792207,15200,150
381,P,792357,15240,89
382,P,792446,15280,187
383,P,792633,15320,121
384,P,792754,15360,110
385,P,792864,15400,86
386,P,792950,15440,12106
387,P,805056,15480,511
388,P,805567,15520,579
389,P,806146,15560,601
390,P,806747,15600,837
391,P,807584,15640,573
392,P,808157,15680,534
393,P,808691,15720,539
394,P,809230,15760,601
395,P,809831,15800,818
396,P,810649,15840,574
397,P,811223,15880,581
398,P,811804,15920,566
399,P,812370,15960,434
400,I,812804,16000,19677
401,P,832481,16040,658
402,P,833139,16080,694
403,P,833833,16120,774
404,P,834607,16160,820
405,P,835427,16200,1212
406,P,836639,16240,663
407,P,837302,16280,665
408,P,837967,16320,683
409,P,838650,16360,726
410,P,839376,16400,1040
411,P,840416,16440,784
412,P,841200,16480,836
413,P,842036,16520,831
414,P,842867,16560,839
415,P,843706,16600,1003
416,P,844709,16640,699
417,P,845408,16680,728
418,P,846136,16720,895
419,P,847031,16760,754
420,P,847785,16800,1054
421,P,848839,16840,715
422,P,849554,16880,693
423,P,850247,16920,598
424,P,850845,16960,702
425,P,851547,17000,985
426,P,852532,17040,701
427,P,853233,17080,824
428,P,854057,17120,682
429,P,854739,17160,688
430,P,855427,17200,947
431,P,856374,17240,724
432,P,857098,17280,688
433,P,857786,17320,819
434,P,858605,17360,715
435,P,859320,17400,1054
436,P,860374,17440,738
437,P,861112,17480,766
438,P,861878,17520,744
439,P,862622,17560,713
440,P,863335,17600,1253
441,P,864588,17640,874
442,P,865462,17680,787
443,P,866249,17720,1115
444,P,867364,17760,866
445,P,868230,17800,1287
446,P,869517,17840,739
447,P,870256,17880,719
448,P,870975,17920,721
449,P,871696,17960,632
450,I,872328,18000,19352
451,P,891680,18040,583
452,P,892263,18080,726
453,P,892989,18120,783
454,P,893772,18160,824
455,P,894596,18200,990
456,P,895586,18240,617
457,P,896203,18280,782
458,P,896985,18320,543
459,P,897528,18360,676
460,P,898204,18400,845
461,P,899049,18440,637
462,P,899686,18480,591
463,P,900277,18520,690
464,P,900967,18560,588
465,P,901555,18600,891
466,P,902446,18640,640
467,P,903086,18680,742
468,P,903828,18720,631
469,P,904459,18760,694
470,P,905153,18800,927
471,P,906080,18840,405
472,P,906485,18880,387
473,P,906872,18920,321
474,P,907193,18960,314
475,P,907507,19000,364
476,P,907871,19040,184
477,P,908055,19080,7766
478,P,915821,19120,397
479,P,916218,19160,464
480,P,916682,19200,527
481,P,917209,19240,426
482,P,917635,19280,431
483,P,918066,19320,441
484,P,918507,19360,398
485,P,918905,19400,508
486,P,919413,19440,542
487,P,919955,19480,509
488,P,920464,19520,596
489,P,921060,19560,618
490,P,921678,19600,567
491,P,922245,19640,512
492,P,922757,19680,488
493,P,923245,19720,497
494,P,923742,19760,552
495,P,924294,19800,494
496,P,924788,19840,623
497,P,925411,19880,577
498,P,925988,19920,476
499,P,926464,19960,528
500,I,926992,20000,12764
501,P,939756,20040,490
502,P,940246,20080,610
503,P,940856,20120,649
504,P,941505,20160,904
505,P,942409,20200,839
506,P,943248,20240,759
507,P,944007,20280,813
508,P,944820,20320,806
509,P,945626,20360,955
510,P,946581,20400,943
511,P,947524,20440,845
512,P,948369,20480,933
513,P,949302,20520,991
514,P,950293,20560,855
515,P,951148,20600,942
516,P,952090,20640,969
517,P,953059,20680,886
518,P,953945,20720,1127
519,P,955072,20760,950
520,P,956022,20800,968
521,P,956990,20840,866
522,P,957856,20880,1182
523,P,959038,20920,896
524,P,959934,20960,913
525,P,960847,21000,832
526,P,961679,21040,940
527,P,962619,21080,790
528,P,963409,21120,828
529,P,964237,21160,749
530,P,964986,21200,882
531,P,965868,21240,738
532,P,966606,21280,660
533,P,967266,21320,589
534,P,967855,21360,652
535,P,968507,21400,569
536,P,969076,21440,565
537,P,969641,21480,730
538,P,970371,21520,690
539,P,971061,21560,108
540,P,971169,21600,1826
541,P,972995,21640,1969
542,P,974964,21680,1397
543,P,976361,21720,1159
544,P,977520,21760,766
545,P,978286,21800,877
546,P,979163,21840,615
547,P,979778,21880,845
548,P,980623,21920,475
549,P,981098,21960,488
550,I,981586,22000,13962
551,P,995548,22040,313
552,P,995861,22080,513
553,P,996374,22120,499
554,P,996873,22160,695
555,P,997568,22200,578
556,P,998146,22240,739
557,P,998885,22280,863
558,P,999748,22320,866
559,P,1000614,22360,1392
560,P,1002006,22400,1012
561,P,1003018,22440,1751
562,P,1004769,22480,1036
563,P,1005805,22520,1210
564,P,1007015,22560,1953
565,P,1008968,22600,1274
566,P,1010242,22640,727
567,P,1010969,22680,592
568,P,1011561,22720,672
569,P,1012233,22760,607
570,P,1012840,22800,567
571,P,1013407,22840,768
572,P,1014175,22880,673
573,P,1014848,22920,797
574,P,1015645,22960,760
575,P,1016405,23000,738
576,P,1017143,23040,1073
577,P,1018216,23080,829
578,P,1019045,23120,781
579,P,1019826,23160,880
580,P,1020706,23200,1035
581,P,1021741,23240,1162
582,P,1022903,23280,785
583,P,1023688,23320,831
584,P,1024519,23360,877
585,P,1025396,23400,600
586,P,1025996,23440,907
587,P,1026903,23480,575
588,P,1027478,23520,655
589,P,1028133,23560,626
590,P,1028759,23600,605
591,P,1029364,23640,842
592,P,1030206,23680,620
593,P,1030826,23720,643
594,P,1031469,23760,640
595,P,1032109,23800,584
596,P,1032693,23840,851
597,P,1033544,23880,754
598,P,1034298,23920,678
599,P,1034976,23960,639
600,I,1035615,24000,11481
601,P,1047096,24040,580
602,P,1047676,24080,782
603,P,1048458,24120,694
604,P,1049152,24160,723
605,P,1049875,24200,687
606,P,1050562,24240,836
607,P,1051398,24280,1104
608,P,1052502,24320,141
609,P,1052643,24360,110
610,P,1052753,24400,106
611,P,1052859,24440,52
612,P,1052911,24480,86
613,P,1052997,24520,1101
614,P,1054098,24560,1315
615,P,1055413,24600,2179
616,P,1057592,24640,1389
617,P,1058981,24680,926
618,P,1059907,24720,1090
619,P,1060997,24760,1609
620,P,1062606,24800,1965
621,P,1064571,24840,1620
622,P,1066191,24880,1068
623,P,1067259,24920,1613
624,P,1068872,24960,1925
625,P,1070797,25000,2967
626,P,1073764,25040,1919
627,P,1075683,25080,551
628,P,1076234,25120,682
629,P,1076916,25160,352
630,P,1077268,25200,395
631,P,1077663,25240,642
632,P,1078305,25280,706
633,P,1079011,25320,699
634,P,1079710,25360,597
635,P,1080307,25400,921
636,P,1081228,25440,875
637,P,1082103,25480,977
638,P,1083080,25520,1301
639,P,1084381,25560,1252
640,P,1085633,25600,1351
641,P,1086984,25640,773
642,P,1087757,25680,789
643,P,1088546,25720,1273
644,P,1089819,25760,543
645,P,1090362,25800,852
646,P,1091214,25840,653
647,P,1091867,25880,673
648,P,1092540,25920,645
649,P,1093185,25960,498
650,I,1093683,26000,12344
651,P,1106027,26040,516
652,P,1106543,26080,8033
653,P,1114576,26120,2107
654,P,1116683,26160,2023
655,P,1118706,26200,1844
656,P,1120550,26240,1990
657,P,1122540,26280,1721
658,P,1124261,26320,964
659,P,1125225,26360,1478
660,P,1126703,26400,1031
661,P,1127734,26440,1877
662,P,1129611,26480,1263
663,P,1130874,26520,2205
664,P,1133079,26560,1647
665,P,1134726,26600,1776
666,P,1136502,26640,1611
667,P,1138113,26680,1773
668,P,1139886,26720,1947
669,P,1141833,26760,1607
670,P,1143440,26800,1827
671,P,1145267,26840,1052
672,P,1146319,26880,1979
673,P,1148298,26920,1542
674,P,1149840,26960,2048
675,P,1151888,27000,1557
676,P,1153445,27040,1590
677,P,1155035,27080,1579
678,P,1156614,27120,2073
679,P,1158687,27160,994
680,P,1159681,27200,6693
681,P,1166374,27240,1429
682,P,1167803,27280,2198
683,P,1170001,27320,1455
684,P,1171456,27360,1342
685,P,1172798,27400,1288
686,P,1174086,27440,1281
687,P,1175367,27480,2296
688,P,1177663,27520,1671
689,P,1179334,27560,1878
690,P,1181212,27600,1926
691,P,1183138,27640,1957
692,P,1185095,27680,3090
693,P,1188185,27720,1507
694,P,1189692,27760,1332
695,P,1191024,27800,1463
696,P,1192487,27840,1269
697,P,1193756,27880,1936
698,P,1195692,27920,1151
699,P,1196843,27960,1020
700,I,1197863,28000,11710
701,P,1209573,28040,1164
702,P,1210737,28080,2156
703,P,1212893,28120,1786
704,P,1214679,28160,1852
705,P,1216531,28200,1750
706,P,1218281,28240,1696
707,P,1219977,28280,2495
708,P,1222472,28320,1758
709,P,1224230,28360,1747
710,P,1225977,28400,1678
711,P,1227655,28440,1349
712,P,1229004,28480,1518
713,P,1230522,28520,10491
714,P,1241013,28560,625
715,P,1241638,28600,1008
716,P,1242646,28640,628
717,P,1243274,28680,606
718,P,1243880,28720,642
719,P,1244522,28760,564
720,P,1245086,28800,789
721,P,1245875,28840,701
722,P,1246576,28880,581
723,P,1247157,28920,623
724,P,1247780,28960,587
725,P,1248367,29000,484
726,P,1248851,29040,911
727,P,1249762,29080,697
728,P,1250459,29120,582
729,P,1251041,29160,652
730,P,1251693,29200,717
731,P,1252410,29240,1288
732,P,1253698,29280,938
733,P,1254636,29320,939
734,P,1255575,29360,436
735,P,1256011,29400,392
736,P,1256403,29440,546
737,P,1256949,29480,367
738,P,1257316,29520,314
739,P,1257630,29560,341
740,P,1257971,29600,479
741,P,1258450,29640,604
742,P,1259054,29680,508
743,P,1259562,29720,498
744,P,1260060,29760,578
745,P,1260638,29800,536
746,P,1261174,29840,839
747,P,1262013,29880,430
748,P,1262443,29920,447
749,P,1262890,29960,346
750,I,1263236,30000,16406
751,P,1279642,30040,972
752,P,1280614,30080,845
753,P,1281459,30120,894
754,P,1282353,30160,635
755,P,1282988,30200,420
756,P,1283408,30240,1228
757,P,1284636,30280,339
758,P,1284975,30320,363
759,P,1285338,30360,347
760,P,1285685,30400,341
761,P,1286026,30440,453
762,P,1286479,30480,232
763,P,1286711,30520,347
764,P,1287058,30560,489
765,P,1287547,30600,506
766,P,1288053,30640,772
767,P,1288825,30680,576
768,P,1289401,30720,557
769,P,1289958,30760,585
770,P,1290543,30800,561
771,P,1291104,30840,928
772,P,1292032,30880,625
773,P,1292657,30920,604
774,P,1293261,30960,676
775,P,1293937,31000,607
776,P,1294544,31040,1045
777,P,1295589,31080,631
778,P,1296220,31120,690
779,P,1296910,31160,624
780,P,1297534,31200,716
781,P,1298250,31240,994
782,P,1299244,31280,729
783,P,1299973,31320,757
784,P,1300730,31360,722
785,P,1301452,31400,788
786,P,1302240,31440,1114
787,P,1303354,31480,551
788,P,1303905,31520,579
789,P,1304484,31560,532
790,P,1305016,31600,445
791,P,1305461,31640,554
792,P,1306015,31680,9971
793,P,1315986,31720,2470
794,P,1318456,31760,3067
795,P,1321523,31800,3353
796,P,1324876,31840,3384
797,P,1328260,31880,3128
798,P,1331388,31920,2961
799,P,1334349,31960,2835
800,I,1337184,32000,15177
801,P,1352361,32040,3267
802,P,1355628,32080,3443
803,P,1359071,32120,3465
804,P,1362536,32160,3186
805,P,1365722,32200,3330
806,P,1369052,32240,2802
807,P,1371854,32280,2859
808,P,1374713,32320,3344
809,P,1378057,32360,3905
810,P,1381962,32400,3394
811,P,1385356,32440,3568
812,P,1388924,32480,3498
813,P,1392422,32520,3340
814,P,1395762,32560,3686
815,P,1399448,32600,3843
816,P,1403291,32640,3540
817,P,1406831,32680,3740
818,P,1410571,32720,3400
819,P,1413971,32760,3067
820,P,1417038,32800,2678
821,P,1419716,32840,2424
822,P,1422140,32880,2774
823,P,1424914,32920,2935
824,P,1427849,32960,2622
825,P,1430471,33000,2319
826,P,1432790,33040,2463
827,P,1435253,33080,7448
828,P,1442701,33120,422
829,P,1443123,33160,685
830,P,1443808,33200,698
831,P,1444506,33240,530
832,P,1445036,33280,541
833,P,1445577,33320,518
834,P,1446095,33360,587
835,P,1446682,33400,472
836,P,1447154,33440,539
837,P,1447693,33480,635
838,P,1448328,33520,628
839,P,1448956,33560,545
840,P,1449501,33600,684
841,P,1450185,33640,643
842,P,1450828,33680,610
843,P,1451438,33720,678
844,P,1452116,33760,644
845,P,1452760,33800,751
846,P,1453511,33840,829
847,P,1454340,33880,721
848,P,1455061,33920,685
849,P,1455746,33960,666
850,I,1456412,34000,12760
851,P,1469172,34040,778
852,P,1469950,34080,2594
853,P,1472544,34120,964
854,P,1473508,34160,1164
855,P,1474672,34200,885
856,P,1475557,34240,905
857,P,1476462,34280,930
858,P,1477392,34320,920
859,P,1478312,34360,933
860,P,1479245,34400,1025
861,P,1480270,34440,928
862,P,1481198,34480,966
863,P,1482164,34520,1181
864,P,1483345,34560,1001
865,P,1484346,34600,1138
866,P,1485484,34640,1119
867,P,1486603,34680,1002
868,P,1487605,34720,1124
869,P,1488729,34760,1058
870,P,1489787,34800,1030
871,P,1490817,34840,1197
872,P,1492014,34880,994
873,P,1493008,34920,1071
874,P,1494079,34960,1136
875,P,1495215,35000,1030
876,P,1496245,35040,991
877,P,1497236,35080,1129
878,P,1498365,35120,1125
879,P,1499490,35160,1208
880,P,1500698,35200,1422
881,P,1502120,35240,1302
882,P,1503422,35280,1173
883,P,1504595,35320,1183
884,P,1505778,35360,1126
885,P,1506904,35400,968
886,P,1507872,35440,870
887,P,1508742,35480,787
888,P,1509529,35520,792
889,P,1510321,35560,4116
890,P,1514437,35600,811
891,P,1515248,35640,978
892,P,1516226,35680,914
893,P,1517140,35720,1330
894,P,1518470,35760,1075
895,P,1519545,35800,960
896,P,1520505,35840,846
897,P,1521351,35880,698
898,P,1522049,35920,1045
899,P,1523094,35960,774
900,I,1523868,36000,9496
901,P,1533364,36040,770
902,P,1534134,36080,796
903,P,1534930,36120,1232
904,P,1536162,36160,1124
905,P,1537286,36200,1003
906,P,1538289,36240,1064
907,P,1539353,36280,1049
908,P,1540402,36320,1522
909,P,1541924,36360,1061
910,P,1542985,36400,1071
911,P,1544056,36440,911
912,P,1544967,36480,955
913,P,1545922,36520,1391
914,P,1547313,36560,1055
915,P,1548368,36600,1104
916,P,1549472,36640,982
917,P,1550454,36680,1010
918,P,1551464,36720,1353
919,P,1552817,36760,1087
920,P,1553904,36800,972
921,P,1554876,36840,886
922,P,1555762,36880,10671
923,P,1566433,36920,579
924,P,1567012,36960,347
925,P,1567359,37000,326
926,P,1567685,37040,272
927,P,1567957,37080,301
928,P,1568258,37120,440
929,P,1568698,37160,351
930,P,1569049,37200,372
931,P,1569421,37240,297
932,P,1569718,37280,322
933,P,1570040,37320,444
934,P,1570484,37360,274
935,P,1570758,37400,325
936,P,1571083,37440,275
937,P,1571358,37480,304
938,P,1571662,37520,389
939,P,1572051,37560,255
940,P,1572306,37600,296
941,P,1572602,37640,257
942,P,1572859,37680,196
943,P,1573055,37720,7621
944,P,1580676,37760,258
945,P,1580934,37800,421
946,P,1581355,37840,452
947,P,1581807,37880,591
948,P,1582398,37920,464
949,P,1582862,37960,338
950,I,1583200,38000,13714
951,P,1596914,38040,289
952,P,1597203,38080,415
953,P,1597618,38120,665
954,P,1598283,38160,471
955,P,1598754,38200,576
956,P,1599330,38240,481
957,P,1599811,38280,573
958,P,1600384,38320,879
959,P,1601263,38360,649
960,P,1601912,38400,1074
961,P,1602986,38440,1001
962,P,1603987,38480,988
963,P,1604975,38520,1463
964,P,1606438,38560,916
965,P,1607354,38600,1098
966,P,1608452,38640,1011
967,P,1609463,38680,1073
968,P,1610536,38720,1217
969,P,1611753,38760,703
970,P,1612456,38800,650
971,P,1613106,38840,643
972,P,1613749,38880,559
973,P,1614308,38920,977
974,P,1615285,38960,562
975,P,1615847,39000,563
976,P,1616410,39040,498
977,P,1616908,39080,484
978,P,1617392,39120,667
979,P,1618059,39160,272
980,P,1618331,39200,5676
981,P,1624007,39240,248
982,P,1624255,39280,315
983,P,1624570,39320,319
984,P,1624889,39360,343
985,P,1625232,39400,327
986,P,1625559,39440,356
987,P,1625915,39480,380
988,P,1626295,39520,420
989,P,1626715,39560,449
990,P,1627164,39600,391
991,P,1627555,39640,370
992,P,1627925,39680,324
993,P,1628249,39720,271
994,P,1628520,39760,266
995,P,1628786,39800,306
996,P,1629092,39840,241
997,P,1629333,39880,314
998,P,1629647,39920,310
999,P,1629957,39960,239
1000,I,1630196,40000,8905
1001,P,1639101,40040,223
1002,P,1639324,40080,340
1003,P,1639664,40120,342
1004,P,1640006,40160,395
1005,P,1640401,40200,447
1006,P,1640848,40240,402
1007,P,1641250,40280,510
1008,P,1641760,40320,484
1009,P,1642244,40360,508
1010,P,1642752,40400,500
1011,P,1643252,40440,494
1012,P,1643746,40480,1842
1013,P,1645588,40520,591
1014,P,1646179,40560,683
1015,P,1646862,40600,718
1016,P,1647580,40640,784
1017,P,1648364,40680,815
1018,P,1649179,40720,848
1019,P,1650027,40760,973
1020,P,1651000,40800,799
1021,P,1651799,40840,804
1022,P,1652603,40880,749
1023,P,1653352,40920,877
1024,P,1654229,40960,762
1025,P,1654991,41000,839
1026,P,1655830,41040,768
1027,P,1656598,41080,852
1028,P,1657450,41120,907
1029,P,1658357,41160,975
1030,P,1659332,41200,985
1031,P,1660317,41240,1047
1032,P,1661364,41280,1072
1033,P,1662436,41320,1072
1034,P,1663508,41360,1050
1035,P,1664558,41400,1074
1036,P,1665632,41440,1133
1037,P,1666765,41480,1119
1038,P,1667884,41520,1162
1039,P,1669046,41560,1141
1040,P,1670187,41600,1337
1041,P,1671524,41640,1247
1042,P,1672771,41680,1457
1043,P,1674228,41720,1338
1044,P,1675566,41760,1356
1045,P,1676922,41800,1534
1046,P,1678456,41840,1498
1047,P,1679954,41880,1495
1048,P,1681449,41920,1360
1049,P,1682809,41960,1222
1050,I,1684031,42000,10079
1051,P,1694110,42040,1259
1052,P,1695369,42080,1483
1053,P,1696852,42120,1515
1054,P,1698367,42160,1455
1055,P,1699822,42200,1620
1056,P,1701442,42240,1329
1057,P,1702771,42280,1398
1058,P,1704169,42320,1465
1059,P,1705634,42360,1333
1060,P,1706967,42400,1332
1061,P,1708299,42440,1481
1062,P,1709780,42480,1454
1063,P,1711234,42520,1590
1064,P,1712824,42560,1801
1065,P,1714625,42600,1728
1066,P,1716353,42640,1881
1067,P,1718234,42680,1439
1068,P,1719673,42720,1316
1069,P,1720989,42760,1263
1070,P,1722252,42800,1036
1071,P,1723288,42840,894
1072,P,1724182,42880,9876
1073,P,1734058,42920,1722
1074,P,1735780,42960,1803
1075,P,1737583,43000,1846
1076,P,1739429,43040,2507
1077,P,1741936,43080,2088
1078,P,1744024,43120,3115
1079,P,1747139,43160,2221
1080,P,1749360,43200,2127
1081,P,1751487,43240,2922
1082,P,1754409,43280,2200
1083,P,1756609,43320,2971
1084,P,1759580,43360,2303
1085,P,1761883,43400,1905
1086,P,1763788,43440,2468
1087,P,1766256,43480,1289
1088,P,1767545,43520,1013
1089,P,1768558,43560,779
1090,P,1769337,43600,594
1091,P,1769931,43640,905
1092,P,1770836,43680,1182
1093,P,1772018,43720,1283
1094,P,1773301,43760,2235
1095,P,1775536,43800,1725
1096,P,1777261,43840,2551
1097,P,1779812,43880,2023
1098,P,1781835,43920,1949
1099,P,1783784,43960,2526
1100,I,1786310,44000,14102
1101,P,1800412,44040,2648
1102,P,1803060,44080,2361
1103,P,1805421,44120,2327
1104,P,1807748,44160,2791
1105,P,1810539,44200,1726
1106,P,1812265,44240,1722
1107,P,1813987,44280,623
1108,P,1814610,44320,560
1109,P,1815170,44360,939
1110,P,1816109,44400,1015
1111,P,1817124,44440,1916
1112,P,1819040,44480,1896
1113,P,1820936,44520,2051
1114,P,1822987,44560,3133
1115,P,1826120,44600,2144
1116,P,1828264,44640,3005
1117,P,1831269,44680,2427
1118,P,1833696,44720,2453
1119,P,1836149,44760,2989
1120,P,1839138,44800,2298
1121,P,1841436,44840,2510
1122,P,1843946,44880,2055
1123,P,1846001,44920,1405
1124,P,1847406,44960,1859
1125,P,1849265,45000,677
1126,P,1849942,45040,716
1127,P,1850658,45080,873
1128,P,1851531,45120,1113
1129,P,1852644,45160,1910
1130,P,1854554,45200,1663
1131,P,1856217,45240,2327
1132,P,1858544,45280,1760
1133,P,1860304,45320,1451
1134,P,1861755,45360,11643
1135,P,1873398,45400,1191
1136,P,1874589,45440,1523
1137,P,1876112,45480,1404
1138,P,1877516,45520,2170
1139,P,1879686,45560,1662
1140,P,1881348,45600,1746
1141,P,1883094,45640,1512
1142,P,1884606,45680,1530
1143,P,1886136,45720,2506
1144,P,1888642,45760,1848
1145,P,1890490,45800,2100
1146,P,1892590,45840,2144
1147,P,1894734,45880,3136
1148,P,1897870,45920,2952
1149,P,1900822,45960,1810
1150,I,1902632,46000,20102
1151,P,1922734,46040,1943
1152,P,1924677,46080,2158
1153,P,1926835,46120,2921
1154,P,1929756,46160,1615
1155,P,1931371,46200,1330
1156,P,1932701,46240,1115
1157,P,1933816,46280,846
1158,P,1934662,46320,765
1159,P,1935427,46360,833
1160,P,1936260,46400,1356
1161,P,1937616,46440,1740
1162,P,1939356,46480,2101
1163,P,1941457,46520,3305
1164,P,1944762,46560,2476
1165,P,1947238,46600,2577
1166,P,1949815,46640,2401
1167,P,1952216,46680,2085
1168,P,1954301,46720,2064
1169,P,1956365,46760,2881
1170,P,1959246,46800,2028
1171,P,1961274,46840,1946
1172,P,1963220,46880,1845
1173,P,1965065,46920,1838
1174,P,1966903,46960,2751
1175,P,1969654,47000,1837
1176,P,1971491,47040,1764
1177,P,1973255,47080,1778
1178,P,1975033,47120,1575
1179,P,1976608,47160,2374
1180,P,1978982,47200,1126
1181,P,1980108,47240,849
1182,P,1980957,47280,636
1183,P,1981593,47320,686
1184,P,1982279,47360,1549
1185,P,1983828,47400,1321
1186,P,1985149,47440,1525
1187,P,1986674,47480,1523
1188,P,1988197,47520,1495
1189,P,1989692,47560,2584
1190,P,1992276,47600,1900
1191,P,1994176,47640,1955
1192,P,1996131,47680,1693
1193,P,1997824,47720,1687
1194,P,1999511,47760,3059
1195,P,2002570,47800,2262
1196,P,2004832,47840,2324
1197,P,2007156,47880,2039
1198,P,2009195,47920,2043
1199,P,2011238,47960,2460
1200,I,2013698,48000,19861
1201,P,2033559,48040,1422
1202,P,2034981,48080,1237
1203,P,2036218,48120,912
1204,P,2037130,48160,1241
1205,P,2038371,48200,1124
1206,P,2039495,48240,1480
1207,P,2040975,48280,1925
1208,P,2042900,48320,2110
1209,P,2045010,48360,3295
1210,P,2048305,48400,2051
1211,P,2050356,48440,2078
1212,P,2052434,48480,1713
1213,P,2054147,48520,1568
1214,P,2055715,48560,2250
1215,P,2057965,48600,1471
1216,P,2059436,48640,1380
1217,P,2060816,48680,10068
1218,P,2070884,48720,609
1219,P,2071493,48760,657
1220,P,2072150,48800,664
1221,P,2072814,48840,678
1222,P,2073492,48880,903
1223,P,2074395,48920,775
1224,P,2075170,48960,831
1225,P,2076001,49000,664
1226,P,2076665,49040,732
1227,P,2077397,49080,1141
1228,P,2078538,49120,704
1229,P,2079242,49160,708
1230,P,2079950,49200,726
1231,P,2080676,49240,680
1232,P,2081356,49280,1059
1233,P,2082415,49320,717
1234,P,2083132,49360,738
1235,P,2083870,49400,727
1236,P,2084597,49440,698
1237,P,2085295,49480,1128
1238,P,2086423,49520,836
1239,P,2087259,49560,725
1240,P,2087984,49600,799
1241,P,2088783,49640,691
1242,P,2089474,49680,1200
1243,P,2090674,49720,680
1244,P,2091354,49760,717
1245,P,2092071,49800,690
1246,P,2092761,49840,622
1247,P,2093383,49880,1028
1248,P,2094411,49920,882
1249,P,2095293,49960,986
1250,I,2096279,50000,12012
1251,P,2108291,50040,1227
1252,P,2109518,50080,1690
1253,P,2111208,50120,1094
1254,P,2112302,50160,1942
1255,P,2114244,50200,883
1256,P,2115127,50240,732
1257,P,2115859,50280,982
1258,P,2116841,50320,7476
1259,P,2124317,50360,1366
1260,P,2125683,50400,1605
1261,P,2127288,50440,1704
1262,P,2128992,50480,1803
1263,P,2130795,50520,2679
1264,P,2133474,50560,1979
1265,P,2135453,50600,1827
1266,P,2137280,50640,1563
1267,P,2138843,50680,1716
1268,P,2140559,50720,2789
1269,P,2143348,50760,1900
1270,P,2145248,50800,1694
1271,P,2146942,50840,1709
1272,P,2148651,50880,1723
1273,P,2150374,50920,2840
1274,P,2153214,50960,1625
1275,P,2154839,51000,1687
1276,P,2156526,51040,1657
1277,P,2158183,51080,1706
1278,P,2159889,51120,1618
1279,P,2161507,51160,2361
1280,P,2163868,51200,2243
1281,P,2166111,51240,1598
1282,P,2167709,51280,1687
1283,P,2169396,51320,1581
1284,P,2170977,51360,2645
1285,P,2173622,51400,1744
1286,P,2175366,51440,1820
1287,P,2177186,51480,1697
1288,P,2178883,51520,1860
1289,P,2180743,51560,2913
1290,P,2183656,51600,1569
1291,P,2185225,51640,1622
1292,P,2186847,51680,3046
1293,P,2189893,51720,1540
1294,P,2191433,51760,2792
1295,P,2194225,51800,1563
1296,P,2195788,51840,1817
1297,P,2197605,51880,1400
1298,P,2199005,51920,1300
1299,P,2200305,51960,1891
1300,I,2202196,52000,11829
1301,P,2214025,52040,1131
1302,P,2215156,52080,1212
1303,P,2216368,52120,1166
1304,P,2217534,52160,1719
1305,P,2219253,52200,18495
1306,P,2237748,52240,989
1307,P,2238737,52280,1008
1308,P,2239745,52320,900
1309,P,2240645,52360,1448
1310,P,2242093,52400,1034
1311,P,2243127,52440,1183
1312,P,2244310,52480,1262
1313,P,2245572,52520,602
1314,P,2246174,52560,895
1315,P,2247069,52600,1178
1316,P,2248247,52640,929
1317,P,2249176,52680,877
1318,P,2250053,52720,860
1319,P,2250913,52760,1057
1320,P,2251970,52800,1822
1321,P,2253792,52840,1241
1322,P,2255033,52880,1247
1323,P,2256280,52920,1436
1324,P,2257716,52960,1259
1325,P,2258975,53000,1943
1326,P,2260918,53040,1742
1327,P,2262660,53080,1457
1328,P,2264117,53120,1769
1329,P,2265886,53160,1942
1330,P,2267828,53200,2806
1331,P,2270634,53240,1710
1332,P,2272344,53280,1647
1333,P,2273991,53320,1974
1334,P,2275965,53360,2214
1335,P,2278179,53400,3259
1336,P,2281438,53440,2320
1337,P,2283758,53480,2350
1338,P,2286108,53520,1935
1339,P,2288043,53560,2081
1340,P,2290124,53600,2361
1341,P,2292485,53640,1859
1342,P,2294344,53680,1820
1343,P,2296164,53720,1496
1344,P,2297660,53760,1344
1345,P,2299004,53800,1896
1346,P,2300900,53840,1441
1347,P,2302341,53880,1643
1348,P,2303984,53920,1201
1349,P,2305185,53960,1171
1350,I,2306356,54000,7401
1351,P,2313757,54040,1090
1352,P,2314847,54080,912
1353,P,2315759,54120,510
1354,P,2316269,54160,114
1355,P,2316383,54200,1228
1356,P,2317611,54240,1653
1357,P,2319264,54280,1660
1358,P,2320924,54320,963
1359,P,2321887,54360,1151
1360,P,2323038,54400,1366
1361,P,2324404,54440,1124
1362,P,2325528,54480,1265
1363,P,2326793,54520,1019
1364,P,2327812,54560,794
1365,P,2328606,54600,885
1366,P,2329491,54640,1425
1367,P,2330916,54680,1191
1368,P,2332107,54720,1574
1369,P,2333681,54760,1808
1370,P,2335489,54800,2077
1371,P,2337566,54840,1865
1372,P,2339431,54880,1683
1373,P,2341114,54920,1906
1374,P,2343020,54960,1868
1375,P,2344888,55000,2253
1376,P,2347141,55040,1915
1377,P,2349056,55080,1862
1378,P,2350918,55120,2199
1379,P,2353117,55160,2160
1380,P,2355277,55200,2492
1381,P,2357769,55240,1501
1382,P,2359270,55280,1790
1383,P,2361060,55320,698
1384,P,2361758,55360,995
1385,P,2362753,55400,2024
1386,P,2364777,55440,1460
1387,P,2366237,55480,1418
1388,P,2367655,55520,1536
1389,P,2369191,55560,1353
1390,P,2370544,55600,2178
1391,P,2372722,55640,1594
1392,P,2374316,55680,1610
1393,P,2375926,55720,1579
1394,P,2377505,55760,1331
1395,P,2378836,55800,1889
1396,P,2380725,55840,1159
1397,P,2381884,55880,1139
1398,P,2383023,55920,1042
1399,P,2384065,55960,835
1400,I,2384900,56000,13409
1401,P,2398309,56040,1049
1402,P,2399358,56080,1147
1403,P,2400505,56120,969
1404,P,2401474,56160,1047
1405,P,2402521,56200,1861
1406,P,2404382,56240,1292
1407,P,2405674,56280,1213
1408,P,2406887,56320,1420
1409,P,2408307,56360,1193
1410,P,2409500,56400,1905
1411,P,2411405,56440,1268
1412,P,2412673,56480,1267
1413,P,2413940,56520,1184
1414,P,2415124,56560,1196
1415,P,2416320,56600,1962
1416,P,2418282,56640,1382
1417,P,2419664,56680,1239
1418,P,2420903,56720,1305
1419,P,2422208,56760,1458
1420,P,2423666,56800,2056
1421,P,2425722,56840,518
1422,P,2426240,56880,490
1423,P,2426730,56920,566
1424,P,2427296,56960,367
1425,P,2427663,57000,667
1426,P,2428330,57040,8032
1427,P,2436362,57080,91
1428,P,2436453,57120,127
1429,P,2436580,57160,241
1430,P,2436821,57200,203
1431,P,2437024,57240,176
1432,P,2437200,57280,1003
1433,P,2438203,57320,290
1434,P,2438493,57360,90
1435,P,2438583,57400,224
1436,P,2438807,57440,533
1437,P,2439340,57480,711
1438,P,2440051,57520,807
1439,P,2440858,57560,1054
1440,P,2441912,57600,1011
1441,P,2442923,57640,1035
1442,P,2443958,57680,71
1443,P,2444029,57720,747
1444,P,2444776,57760,878
1445,P,2445654,57800,778
1446,P,2446432,57840,640
1447,P,2447072,57880,531
1448,P,2447603,57920,528
1449,P,2448131,57960,639
1450,I,2448770,58000,11770
1451,P,2460540,58040,592
1452,P,2461132,58080,701
1453,P,2461833,58120,691
1454,P,2462524,58160,761
1455,P,2463285,58200,848
1456,P,2464133,58240,911
1457,P,2465044,58280,1000
1458,P,2466044,58320,75
1459,P,2466119,58360,743
1460,P,2466862,58400,651
1461,P,2467513,58440,669
1462,P,2468182,58480,6043
1463,P,2474225,58520,1287
1464,P,2475512,58560,1350
1465,P,2476862,58600,1459
1466,P,2478321,58640,91
1467,P,2478412,58680,2045
1468,P,2480457,58720,1974
1469,P,2482431,58760,1741
1470,P,2484172,58800,2072
1471,P,2486244,58840,1701
1472,P,2487945,58880,3494
1473,P,2491439,58920,2047
1474,P,2493486,58960,107
1475,P,2493593,59000,1672
1476,P,2495265,59040,2293
1477,P,2497558,59080,1853
1478,P,2499411,59120,2093
1479,P,2501504,59160,2028
1480,P,2503532,59200,1771
1481,P,2505303,59240,1813
1482,P,2507116,59280,86
1483,P,2507202,59320,1179
1484,P,2508381,59360,1672
1485,P,2510053,59400,1261
1486,P,2511314,59440,1203
1487,P,2512517,59480,1291
1488,P,2513808,59520,966
1489,P,2514774,59560,1580
1490,P,2516354,59600,118
1491,P,2516472,59640,1174
1492,P,2517646,59680,1327
1493,P,2518973,59720,1892
1494,P,2520865,59760,1745
1495,P,2522610,59800,1912
1496,P,2524522,59840,1481
1497,P,2526003,59880,1061
1498,P,2527064,59920,134
1499,P,2527198,59960,971
1500,I,2528169,60000,13947
1501,P,2542116,60040,1286
1502,P,2543402,60080,1261
1503,P,2544663,60120,1400
1504,P,2546063,60160,98
1505,P,2546161,60200,60
1506,P,2546221,60240,1464
1507,P,2547685,60280,101
1508,P,2547786,60320,1055
1509,P,2548841,60360,99
1510,P,2548940,60400,1107
1511,P,2550047,60440,70
1512,P,2550117,60480,84
1513,P,2550201,60520,813
1514,P,2551014,60560,101
1515,P,2551115,60600,889
1516,P,2552004,60640,87
1517,P,2552091,60680,1254
1518,P,2553345,60720,91
1519,P,2553436,60760,97
1520,P,2553533,60800,1011
1521,P,2554544,60840,129
1522,P,2554673,60880,1296
1523,P,2555969,60920,79
1524,P,2556048,60960,1015
1525,P,2557063,61000,77
1526,P,2557140,61040,7644
1527,P,2564784,61080,1613
1528,P,2566397,61120,1667
1529,P,2568064,61160,1736
1530,P,2569800,61200,2496
1531,P,2572296,61240,1842
1532,P,2574138,61280,5579
1533,P,2579717,61320,2036
1534,P,2581753,61360,2213
1535,P,2583966,61400,3115
1536,P,2587081,61440,2211
1537,P,2589292,61480,2794
1538,P,2592086,61520,2378
1539,P,2594464,61560,1997
1540,P,2596461,61600,2456
1541,P,2598917,61640,1270
1542,P,2600187,61680,937
1543,P,2601124,61720,752
1544,P,2601876,61760,533
1545,P,2602409,61800,819
1546,P,2603228,61840,1161
1547,P,2604389,61880,1229
1548,P,2605618,61920,1962
1549,P,2607580,61960,1498
1550,I,2609078,62000,13678
1551,P,2622756,62040,1835
1552,P,2624591,62080,2164
1553,P,2626755,62120,3363
1554,P,2630118,62160,2256
1555,P,2632374,62200,3207
1556,P,2635581,62240,2449
1557,P,2638030,62280,2311
1558,P,2640341,62320,2860
1559,P,2643201,62360,1802
1560,P,2645003,62400,1817
1561,P,2646820,62440,622
1562,P,2647442,62480,598
1563,P,2648040,62520,873
1564,P,2648913,62560,1056
1565,P,2649969,62600,1986
1566,P,2651955,62640,1908
1567,P,2653863,62680,2065
1568,P,2655928,62720,3115
1569,P,2659043,62760,2174
1570,P,2661217,62800,3001
1571,P,2664218,62840,2437
1572,P,2666655,62880,2450
1573,P,2669105,62920,2986
1574,P,2672091,62960,2236
1575,P,2674327,63000,2641
1576,P,2676968,63040,1997
1577,P,2678965,63080,1545
1578,P,2680510,63120,1615
1579,P,2682125,63160,660
1580,P,2682785,63200,788
1581,P,2683573,63240,862
1582,P,2684435,63280,1050
1583,P,2685485,63320,1907
1584,P,2687392,63360,1565
1585,P,2688957,63400,2331
1586,P,2691288,63440,1775
1587,P,2693063,63480,1553
1588,P,2694616,63520,11405
1589,P,2706021,63560,1260
1590,P,2707281,63600,1537
1591,P,2708818,63640,1477
1592,P,2710295,63680,2204
1593,P,2712499,63720,1615
1594,P,2714114,63760,1524
1595,P,2715638,63800,1542
1596,P,2717180,63840,1529
1597,P,2718709,63880,2444
1598,P,2721153,63920,1536
1599,P,2722689,63960,1657
1600,I,2724346,64000,19077
1601,P,2743423,64040,2333
1602,P,2745756,64080,3371
1603,P,2749127,64120,4270
1604,P,2753397,64160,2408
1605,P,2755805,64200,2572
1606,P,2758377,64240,2534
1607,P,2760911,64280,3275
1608,P,2764186,64320,1598
1609,P,2765784,64360,1593
1610,P,2767377,64400,1327
1611,P,2768704,64440,954
1612,P,2769658,64480,799
1613,P,2770457,64520,815
1614,P,2771272,64560,1386
1615,P,2772658,64600,1787
1616,P,2774445,64640,2164
1617,P,2776609,64680,3335
1618,P,2779944,64720,2635
1619,P,2782579,64760,2635
1620,P,2785214,64800,2612
1621,P,2787826,64840,2133
1622,P,2789959,64880,2011
1623,P,2791970,64920,2934
1624,P,2794904,64960,2083
1625,P,2796987,65000,2000
1626,P,2798987,65040,1794
1627,P,2800781,65080,1856
1628,P,2802637,65120,2619
1629,P,2805256,65160,1823
1630,P,2807079,65200,2018
1631,P,2809097,65240,1788
1632,P,2810885,65280,1522
1633,P,2812407,65320,2303
1634,P,2814710,65360,1244
1635,P,2815954,65400,816
1636,P,2816770,65440,659
1637,P,2817429,65480,686
1638,P,2818115,65520,1620
1639,P,2819735,65560,1314
1640,P,2821049,65600,1543
1641,P,2822592,65640,1470
1642,P,2824062,65680,1486
1643,P,2825548,65720,2459
1644,P,2828007,65760,1754
1645,P,2829761,65800,1810
1646,P,2831571,65840,1643
1647,P,2833214,65880,1550
1648,P,2834764,65920,2755
1649,P,2837519,65960,1872
1650,I,2839391,66000,18385
1651,P,2857776,66040,2341
1652,P,2860117,66080,2793
1653,P,2862910,66120,3744
1654,P,2866654,66160,2085
1655,P,2868739,66200,2073
1656,P,2870812,66240,1315
1657,P,2872127,66280,1145
1658,P,2873272,66320,1294
1659,P,2874566,66360,1162
1660,P,2875728,66400,1743
1661,P,2877471,66440,1992
1662,P,2879463,66480,2072
1663,P,2881535,66520,3436
1664,P,2884971,66560,2335
1665,P,2887306,66600,2266
1666,P,2889572,66640,1955
1667,P,2891527,66680,1708
1668,P,2893235,66720,2494
1669,P,2895729,66760,1670
1670,P,2897399,66800,1551
1671,P,2898950,66840,1240
1672,P,2900190,66880,5479
1673,P,2905669,66920,2663
1674,P,2908332,66960,2098
1675,P,2910430,67000,2001
1676,P,2912431,67040,2019
1677,P,2914450,67080,2492
1678,P,2916942,67120,2934
1679,P,2919876,67160,2511
1680,P,2922387,67200,2280
1681,P,2924667,67240,2086
1682,P,2926753,67280,1921
1683,P,2928674,67320,2764
1684,P,2931438,67360,2255
1685,P,2933693,67400,2309
1686,P,2936002,67440,2407
1687,P,2938409,67480,2165
1688,P,2940574,67520,2807
1689,P,2943381,67560,2660
1690,P,2946041,67600,2910
1691,P,2948951,67640,2651
1692,P,2951602,67680,2681
1693,P,2954283,67720,3489
1694,P,2957772,67760,2757
1695,P,2960529,67800,2966
1696,P,2963495,67840,3063
1697,P,2966558,67880,3447
1698,P,2970005,67920,3885
1699,P,2973890,67960,3172
1700,I,2977062,68000,11808
1701,P,2988870,68040,3017
1702,P,2991887,68080,2888
1703,P,2994775,68120,4095
1704,P,2998870,68160,2936
1705,P,3001806,68200,2973
1706,P,3004779,68240,2974
1707,P,3007753,68280,2971
1708,P,3010724,68320,3647
1709,P,3014371,68360,3008
1710,P,3017379,68400,3000
1711,P,3020379,68440,2881
1712,P,3023260,68480,2759
1713,P,3026019,68520,3699
1714,P,3029718,68560,2822
1715,P,3032540,68600,2839
1716,P,3035379,68640,2633
1717,P,3038012,68680,2334
1718,P,3040346,68720,7542
1719,P,3047888,68760,2669
1720,P,3050557,68800,3057
1721,P,3053614,68840,3310
1722,P,3056924,68880,3133
1723,P,3060057,68920,4573
1724,P,3064630,68960,3227
1725,P,3067857,69000,3302
1726,P,3071159,69040,3167
1727,P,3074326,69080,2527
1728,P,3076853,69120,3032
1729,P,3079885,69160,2789
1730,P,3082674,69200,2957
1731,P,3085631,69240,3133
1732,P,3088764,69280,3260
1733,P,3092024,69320,3920
1734,P,3095944,69360,3258
1735,P,3099202,69400,3251
1736,P,3102453,69440,3197
1737,P,3105650,69480,2896
1738,P,3108546,69520,4144
1739,P,3112690,69560,2748
1740,P,3115438,69600,2988
1741,P,3118426,69640,2329
1742,P,3120755,69680,1550
1743,P,3122305,69720,2185
1744,P,3124490,69760,2650
1745,P,3127140,69800,2797
1746,P,3129937,69840,2466
1747,P,3132403,69880,2462
1748,P,3134865,69920,3496
1749,P,3138361,69960,2345
1750,I,3140706,70000,13056
1751,P,3153762,70040,2475
1752,P,3156237,70080,2915
1753,P,3159152,70120,4010
1754,P,3163162,70160,2758
1755,P,3165920,70200,2931
1756,P,3168851,70240,2486
1757,P,3171337,70280,2328
1758,P,3173665,70320,1987
1759,P,3175652,70360,1601
1760,P,3177253,70400,1811
1761,P,3179064,70440,2117
1762,P,3181181,70480,2204
1763,P,3183385,70520,3163
1764,P,3186548,70560,2431
1765,P,3188979,70600,2564
1766,P,3191543,70640,2274
1767,P,3193817,70680,2248
1768,P,3196065,70720,3613
1769,P,3199678,70760,2466
1770,P,3202144,70800,2619
1771,P,3204763,70840,2701
1772,P,3207464,70880,2332
1773,P,3209796,70920,2874
1774,P,3212670,70960,1611
1775,P,3214281,71000,1870
1776,P,3216151,71040,2103
1777,P,3218254,71080,1810
1778,P,3220064,71120,4290
1779,P,3224354,71160,1687
1780,P,3226041,71200,1659
1781,P,3227700,71240,7197
1782,P,3234897,71280,2018
1783,P,3236915,71320,3352
1784,P,3240267,71360,2766
1785,P,3243033,71400,3054
1786,P,3246087,71440,3465
1787,P,3249552,71480,3024
1788,P,3252576,71520,3097
1789,P,3255673,71560,1433
1790,P,3257106,71600,1354
1791,P,3258460,71640,1267
1792,P,3259727,71680,1325
1793,P,3261052,71720,1668
1794,P,3262720,71760,1058
1795,P,3263778,71800,1439
1796,P,3265217,71840,2153
1797,P,3267370,71880,2280
1798,P,3269650,71920,2984
1799,P,3272634,71960,1689
1800,I,3274323,72000,13603
1801,P,3287926,72040,2135
1802,P,3290061,72080,2325
1803,P,3292386,72120,3557
1804,P,3295943,72160,1706
1805,P,3297649,72200,1587
1806,P,3299236,72240,1822
1807,P,3301058,72280,1838
1808,P,3302896,72320,2115
1809,P,3305011,72360,1339
1810,P,3306350,72400,1900
1811,P,3308250,72440,2335
1812,P,3310585,72480,2505
1813,P,3313090,72520,3414
1814,P,3316504,72560,2755
1815,P,3319259,72600,2836
1816,P,3322095,72640,2830
1817,P,3324925,72680,2602
1818,P,3327527,72720,2436
1819,P,3329963,72760,1324
1820,P,3331287,72800,1513
1821,P,3332800,72840,1540
1822,P,3334340,72880,1326
1823,P,3335666,72920,1808
1824,P,3337474,72960,1505
1825,P,3338979,73000,2124
1826,P,3341103,73040,2165
1827,P,3343268,73080,2078
1828,P,3345346,73120,2591
1829,P,3347937,73160,2137
1830,P,3350074,73200,2183
1831,P,3352257,73240,2080
1832,P,3354337,73280,1928
1833,P,3356265,73320,1811
1834,P,3358076,73360,1347
1835,P,3359423,73400,1526
1836,P,3360949,73440,1564
1837,P,3362513,73480,1293
1838,P,3363806,73520,1444
1839,P,3365250,73560,1446
1840,P,3366696,73600,1488
1841,P,3368184,73640,1306
1842,P,3369490,73680,109
1843,P,3369599,73720,980
1844,P,3370579,73760,1102
1845,P,3371681,73800,1420
1846,P,3373101,73840,964
1847,P,3374065,73880,729
1848,P,3374794,73920,1083
1849,P,3375877,73960,544
1850,I,3376421,74000,9340
1851,P,3385761,74040,453
1852,P,3386214,74080,660
1853,P,3386874,74120,1084
1854,P,3387958,74160,1047
1855,P,3389005,74200,1077
1856,P,3390082,74240,1024
1857,P,3391106,74280,1428
1858,P,3392534,74320,1101
1859,P,3393635,74360,1416
1860,P,3395051,74400,1638
1861,P,3396689,74440,1297
1862,P,3397986,74480,1848
1863,P,3399834,74520,1525
1864,P,3401359,74560,1398
1865,P,3402757,74600,1145
1866,P,3403902,74640,1092
1867,P,3404994,74680,3619
1868,P,3408613,74720,797
1869,P,3409410,74760,395
1870,P,3409805,74800,440
1871,P,3410245,74840,357
1872,P,3410602,74880,274
1873,P,3410876,74920,435
1874,P,3411311,74960,450
1875,P,3411761,75000,227
1876,P,3411988,75040,215
1877,P,3412203,75080,212
1878,P,3412415,75120,178
1879,P,3412593,75160,346
1880,P,3412939,75200,440
1881,P,3413379,75240,501
1882,P,3413880,75280,468
1883,P,3414348,75320,745
1884,P,3415093,75360,640
1885,P,3415733,75400,604
1886,P,3416337,75440,601
1887,P,3416938,75480,611
1888,P,3417549,75520,856
1889,P,3418405,75560,583
1890,P,3418988,75600,688
1891,P,3419676,75640,585
1892,P,3420261,75680,580
1893,P,3420841,75720,912
1894,P,3421753,75760,523
1895,P,3422276,75800,549
1896,P,3422825,75840,607
1897,P,3423432,75880,521
1898,P,3423953,75920,487
1899,P,3424440,75960,572
1900,I,3425012,76000,19497
1901,P,3444509,76040,509
1902,P,3445018,76080,603
1903,P,3445621,76120,493
1904,P,3446114,76160,910
1905,P,3447024,76200,693
1906,P,3447717,76240,629
1907,P,3448346,76280,628
1908,P,3448974,76320,643
1909,P,3449617,76360,1259
1910,P,3450876,76400,1035
1911,P,3451911,76440,1043
1912,P,3452954,76480,467
1913,P,3453421,76520,399
1914,P,3453820,76560,614
1915,P,3454434,76600,343
1916,P,3454777,76640,373
1917,P,3455150,76680,294
1918,P,3455444,76720,358
1919,P,3455802,76760,581
1920,P,3456383,76800,762
1921,P,3457145,76840,685
1922,P,3457830,76880,805
1923,P,3458635,76920,983
1924,P,3459618,76960,1329
1925,P,3460947,77000,1070
1926,P,3462017,77040,946
1927,P,3462963,77080,934
1928,P,3463897,77120,954
1929,P,3464851,77160,1466
1930,P,3466317,77200,1253
1931,P,3467570,77240,1235
1932,P,3468805,77280,915
1933,P,3469720,77320,753
1934,P,3470473,77360,902
1935,P,3471375,77400,515
1936,P,3471890,77440,468
1937,P,3472358,77480,610
1938,P,3472968,77520,610
1939,P,3473578,77560,654
1940,P,3474232,77600,485
1941,P,3474717,77640,472
1942,P,3475189,77680,494
1943,P,3475683,77720,515
1944,P,3476198,77760,820
1945,P,3477018,77800,575
1946,P,3477593,77840,538
1947,P,3478131,77880,540
1948,P,3478671,77920,428
1949,P,3479099,77960,711
1950,I,3479810,78000,14845
1951,P,3494655,78040,491
1952,P,3495146,78080,578
1953,P,3495724,78120,2028
1954,P,3497752,78160,1047
1955,P,3498799,78200,625
1956,P,3499424,78240,778
1957,P,3500202,78280,600
1958,P,3500802,78320,645
1959,P,3501447,78360,988
1960,P,3502435,78400,859
1961,P,3503294,78440,754
1962,P,3504048,78480,741
1963,P,3504789,78520,814
1964,P,3505603,78560,1159
1965,P,3506762,78600,652
1966,P,3507414,78640,712
1967,P,3508126,78680,614
1968,P,3508740,78720,558
1969,P,3509298,78760,855
1970,P,3510153,78800,532
1971,P,3510685,78840,474
1972,P,3511159,78880,288
1973,P,3511447,78920,251
1974,P,3511698,78960,378
1975,P,3512076,79000,8639
1976,P,3520715,79040,1120
1977,P,3521835,79080,1071
1978,P,3522906,79120,1233
1979,P,3524139,79160,1757
1980,P,3525896,79200,1205
1981,P,3527101,79240,1159
1982,P,3528260,79280,1213
1983,P,3529473,79320,1189
1984,P,3530662,79360,1852
1985,P,3532514,79400,1208
1986,P,3533722,79440,1174
1987,P,3534896,79480,1171
1988,P,3536067,79520,1108
1989,P,3537175,79560,1809
1990,P,3538984,79600,695
1991,P,3539679,79640,542
1992,P,3540221,79680,481
1993,P,3540702,79720,1714
1994,P,3542416,79760,1958
1995,P,3544374,79800,1928
1996,P,3546302,79840,2198
1997,P,3548500,79880,1885
1998,P,3550385,79920,1456
1999,P,3551841,79960,1998
2000,I,3553839,80000,12919
2001,P,3566758,80040,1449
2002,P,3568207,80080,1609
2003,P,3569816,80120,1668
2004,P,3571484,80160,2576
2005,P,3574060,80200,1610
2006,P,3575670,80240,1564
2007,P,3577234,80280,1359
2008,P,3578593,80320,1131
2009,P,3579724,80360,1487
2010,P,3581211,80400,959
2011,P,3582170,80440,925
2012,P,3583095,80480,909
2013,P,3584004,80520,872
2014,P,3584876,80560,1271
2015,P,3586147,80600,716
2016,P,3586863,80640,12908
2017,P,3599771,80680,515
2018,P,3600286,80720,618
2019,P,3600904,80760,721
2020,P,3601625,80800,768
2021,P,3602393,80840,824
2022,P,3603217,80880,918
2023,P,3604135,80920,881
2024,P,3605016,80960,888
2025,P,3605904,81000,729
2026,P,3606633,81040,769
2027,P,3607402,81080,930
2028,P,3608332,81120,954
2029,P,3609286,81160,1131
2030,P,3610417,81200,1125
2031,P,3611542,81240,1195
2032,P,3612737,81280,918
2033,P,3613655,81320,1013
2034,P,3614668,81360,1134
2035,P,3615802,81400,1135
2036,P,3616937,81440,1168
2037,P,3618105,81480,1219
2038,P,3619324,81520,791
2039,P,3620115,81560,638
2040,P,3620753,81600,599
2041,P,3621352,81640,844
2042,P,3622196,81680,718
2043,P,3622914,81720,892
2044,P,3623806,81760,855
2045,P,3624661,81800,731
2046,P,3625392,81840,733
2047,P,3626125,81880,678
2048,P,3626803,81920,526
2049,P,3627329,81960,536
2050,I,3627865,82000,16849
2051,P,3644714,82040,3781
2052,P,3648495,82080,92
2053,P,3648587,82120,1237
2054,P,3649824,82160,100
2055,P,3649924,82200,1445
2056,P,3651369,82240,128
2057,P,3651497,82280,1230
2058,P,3652727,82320,93
2059,P,3652820,82360,95
2060,P,3652915,82400,1289
2061,P,3654204,82440,82
2062,P,3654286,82480,1280
2063,P,3655566,82520,78
2064,P,3655644,82560,1347
2065,P,3656991,82600,78
2066,P,3657069,82640,1473
2067,P,3658542,82680,98
2068,P,3658640,82720,1403
2069,P,3660043,82760,93
2070,P,3660136,82800,1048
2071,P,3661184,82840,85
2072,P,3661269,82880,832
2073,P,3662101,82920,76
2074,P,3662177,82960,799
2075,P,3662976,83000,108
2076,P,3663084,83040,81
2077,P,3663165,83080,947
2078,P,3664112,83120,89
2079,P,3664201,83160,968
2080,P,3665169,83200,143
2081,P,3665312,83240,1070
2082,P,3666382,83280,90
2083,P,3666472,83320,1042
2084,P,3667514,83360,108
2085,P,3667622,83400,902
2086,P,3668524,83440,82
2087,P,3668606,83480,829
2088,P,3669435,83520,81
2089,P,3669516,83560,769
2090,P,3670285,83600,109
2091,P,3670394,83640,536
2092,P,3670930,83680,73
2093,P,3671003,83720,10621
2094,P,3681624,83760,312
2095,P,3681936,83800,642
2096,P,3682578,83840,578
2097,P,3683156,83880,543
2098,P,3683699,83920,497
2099,P,3684196,83960,320
2100,I,3684516,84000,17859
2101,P,3702375,84040,377
2102,P,3702752,84080,441
2103,P,3703193,84120,539
2104,P,3703732,84160,614
2105,P,3704346,84200,986
2106,P,3705332,84240,578
2107,P,3705910,84280,681
2108,P,3706591,84320,750
2109,P,3707341,84360,654
2110,P,3707995,84400,789
2111,P,3708784,84440,595
2112,P,3709379,84480,565
2113,P,3709944,84520,577
2114,P,3710521,84560,576
2115,P,3711097,84600,748
2116,P,3711845,84640,672
2117,P,3712517,84680,667
2118,P,3713184,84720,696
2119,P,3713880,84760,994
2120,P,3714874,84800,1303
2121,P,3716177,84840,943
2122,P,3717120,84880,829
2123,P,3717949,84920,847
2124,P,3718796,84960,711
2125,P,3719507,85000,1216
2126,P,3720723,85040,577
2127,P,3721300,85080,386
2128,P,3721686,85120,346
2129,P,3722032,85160,365
2130,P,3722397,85200,14543
2131,P,3736940,85240,990
2132,P,3737930,85280,516
2133,P,3738446,85320,553
2134,P,3738999,85360,538
2135,P,3739537,85400,1050
2136,P,3740587,85440,629
2137,P,3741216,85480,732
2138,P,3741948,85520,674
2139,P,3742622,85560,1099
2140,P,3743721,85600,1131
2141,P,3744852,85640,688
2142,P,3745540,85680,663
2143,P,3746203,85720,971
2144,P,3747174,85760,1025
2145,P,3748199,85800,691
2146,P,3748890,85840,633
2147,P,3749523,85880,1007
2148,P,3750530,85920,628
2149,P,3751158,85960,1017
2150,I,3752175,86000,19569
2151,P,3771744,86040,1029
2152,P,3772773,86080,805
2153,P,3773578,86120,1409
2154,P,3774987,86160,860
2155,P,3775847,86200,1569
2156,P,3777416,86240,2175
2157,P,3779591,86280,1021
2158,P,3780612,86320,1507
2159,P,3782119,86360,1308
2160,P,3783427,86400,893
2161,P,3784320,86440,840
2162,P,3785160,86480,1260
2163,P,3786420,86520,1578
2164,P,3787998,86560,1128
2165,P,3789126,86600,1198
2166,P,3790324,86640,1017
2167,P,3791341,86680,1497
2168,P,3792838,86720,967
2169,P,3793805,86760,9086
2170,P,3802891,86800,1159
2171,P,3804050,86840,1619
2172,P,3805669,86880,1504
2173,P,3807173,86920,1033
2174,P,3808206,86960,985
2175,P,3809191,87000,907
2176,P,3810098,87040,1747
2177,P,3811845,87080,1079
2178,P,3812924,87120,1118
2179,P,3814042,87160,1079
2180,P,3815121,87200,1334
2181,P,3816455,87240,1236
2182,P,3817691,87280,1072
2183,P,3818763,87320,1071
2184,P,3819834,87360,1341
2185,P,3821175,87400,1462
2186,P,3822637,87440,1211
2187,P,3823848,87480,1028
2188,P,3824876,87520,1535
2189,P,3826411,87560,1004
2190,P,3827415,87600,1399
2191,P,3828814,87640,836
2192,P,3829650,87680,1388
2193,P,3831038,87720,895
2194,P,3831933,87760,1487
2195,P,3833420,87800,943
2196,P,3834363,87840,1356
2197,P,3835719,87880,828
2198,P,3836547,87920,7841
2199,P,3844388,87960,444
2200,I,3844832,88000,17803
2201,P,3862635,88040,436
2202,P,3863071,88080,577
2203,P,3863648,88120,86
2204,P,3863734,88160,595
2205,P,3864329,88200,1120
2206,P,3865449,88240,90
2207,P,3865539,88280,564
2208,P,3866103,88320,713
2209,P,3866816,88360,931
2210,P,3867747,88400,107
2211,P,3867854,88440,661
2212,P,3868515,88480,919
2213,P,3869434,88520,81
2214,P,3869515,88560,652
2215,P,3870167,88600,662
2216,P,3870829,88640,689
2217,P,3871518,88680,93
2218,P,3871611,88720,569
2219,P,3872180,88760,941
2220,P,3873121,88800,82
2221,P,3873203,88840,652
2222,P,3873855,88880,786
2223,P,3874641,88920,69
2224,P,3874710,88960,660
2225,P,3875370,89000,909
2226,P,3876279,89040,1450
2227,P,3877729,89080,92
2228,P,3877821,89120,933
2229,P,3878754,89160,909
2230,P,3879663,89200,110
2231,P,3879773,89240,514
2232,P,3880287,89280,7286
2233,P,3887573,89320,1528
2234,P,3889101,89360,1655
2235,P,3890756,89400,1218
2236,P,3891974,89440,1098
2237,P,3893072,89480,1533
2238,P,3894605,89520,1580
2239,P,3896185,89560,1002
2240,P,3897187,89600,1024
2241,P,3898211,89640,926
2242,P,3899137,89680,1645
2243,P,3900782,89720,1123
2244,P,3901905,89760,1076
2245,P,3902981,89800,1119
2246,P,3904100,89840,1509
2247,P,3905609,89880,851
2248,P,3906460,89920,801
2249,P,3907261,89960,815
2250,I,3908076,90000,14511
2251,P,3922587,90040,1450
2252,P,3924037,90080,969
2253,P,3925006,90120,1960
2254,P,3926966,90160,921
2255,P,3927887,90200,1361
2256,P,3929248,90240,1380
2257,P,3930628,90280,1061
2258,P,3931689,90320,856
2259,P,3932545,90360,1340
2260,P,3933885,90400,1266
2261,P,3935151,90440,815
2262,P,3935966,90480,822
2263,P,3936788,90520,1256
2264,P,3938044,90560,773
2265,P,3938817,90600,1389
2266,P,3940206,90640,837
2267,P,3941043,90680,1392
2268,P,3942435,90720,805
2269,P,3943240,90760,1332
2270,P,3944572,90800,790
2271,P,3945362,90840,1253
2272,P,3946615,90880,644
2273,P,3947259,90920,718
2274,P,3947977,90960,1011
2275,P,3948988,91000,922
2276,P,3949910,91040,475
2277,P,3950385,91080,496
2278,P,3950881,91120,696
2279,P,3951577,91160,684
2280,P,3952261,91200,581
2281,P,3952842,91240,561
2282,P,3953403,91280,575
2283,P,3953978,91320,1080
2284,P,3955058,91360,592
2285,P,3955650,91400,688
2286,P,3956338,91440,585
2287,P,3956923,91480,986
2288,P,3957909,91520,544
2289,P,3958453,91560,537
2290,P,3958990,91600,478
2291,P,3959468,91640,364
2292,P,3959832,91680,460
2293,P,3960292,91720,8636
2294,P,3968928,91760,467
2295,P,3969395,91800,344
2296,P,3969739,91840,2119
2297,P,3971858,91880,529
2298,P,3972387,91920,517
2299,P,3972904,91960,294
2300,I,3973198,92000,19267
2301,P,3992465,92040,526
2302,P,3992991,92080,607
2303,P,3993598,92120,398
2304,P,3993996,92160,381
2305,P,3994377,92200,398
2306,P,3994775,92240,692
2307,P,3995467,92280,326
2308,P,3995793,92320,319
2309,P,3996112,92360,345
2310,P,3996457,92400,460
2311,P,3996917,92440,230
2312,P,3997147,92480,266
2313,P,3997413,92520,325
2314,P,3997738,92560,363
2315,P,3998101,92600,808
2316,P,3998909,92640,281
2317,P,3999190,92680,337
2318,P,3999527,92720,548
2319,P,4000075,92760,929
2320,P,4001004,92800,441
2321,P,4001445,92840,475
2322,P,4001920,92880,427
2323,P,4002347,92920,493
2324,P,4002840,92960,910
2325,P,4003750,93000,506
2326,P,4004256,93040,465
2327,P,4004721,93080,472
2328,P,4005193,93120,932
2329,P,4006125,93160,524
2330,P,4006649,93200,649
2331,P,4007298,93240,615
2332,P,4007913,93280,892
2333,P,4008805,93320,825
2334,P,4009630,93360,578
2335,P,4010208,93400,626
2336,P,4010834,93440,944
2337,P,4011778,93480,887
2338,P,4012665,93520,630
2339,P,4013295,93560,562
2340,P,4013857,93600,1021
2341,P,4014878,93640,720
2342,P,4015598,93680,1070
2343,P,4016668,93720,713
2344,P,4017381,93760,1059
2345,P,4018440,93800,586
2346,P,4019026,93840,562
2347,P,4019588,93880,811
2348,P,4020399,93920,823
2349,P,4021222,93960,1601
2350,I,4022823,94000,17983
2351,P,4040806,94040,931
2352,P,4041737,94080,972
2353,P,4042709,94120,678
2354,P,4043387,94160,778
2355,P,4044165,94200,724
2356,P,4044889,94240,1041
2357,P,4045930,94280,745
2358,P,4046675,94320,705
2359,P,4047380,94360,636
2360,P,4048016,94400,1176
2361,P,4049192,94440,661
2362,P,4049853,94480,698
2363,P,4050551,94520,730
2364,P,4051281,94560,638
2365,P,4051919,94600,1108
2366,P,4053027,94640,801
2367,P,4053828,94680,879
2368,P,4054707,94720,681
2369,P,4055388,94760,1218
2370,P,4056606,94800,795
2371,P,4057401,94840,798
2372,P,4058199,94880,663
2373,P,4058862,94920,1150
2374,P,4060012,94960,1350
2375,P,4061362,95000,1039
2376,P,4062401,95040,827
2377,P,4063228,95080,1197
2378,P,4064425,95120,1076
2379,P,4065501,95160,907
2380,P,4066408,95200,876
2381,P,4067284,95240,1168
2382,P,4068452,95280,610
2383,P,4069062,95320,1055
2384,P,4070117,95360,630
2385,P,4070747,95400,897
2386,P,4071644,95440,587
2387,P,4072231,95480,885
2388,P,4073116,95520,505
2389,P,4073621,95560,911
2390,P,4074532,95600,568
2391,P,4075100,95640,559
2392,P,4075659,95680,822
2393,P,4076481,95720,795
2394,P,4077276,95760,524
2395,P,4077800,95800,405
2396,P,4078205,95840,407
2397,P,4078612,95880,623
2398,P,4079235,95920,7281
2399,P,4086516,95960,890
2400,I,4087406,96000,14975
2401,P,4102381,96040,1783
2402,P,4104164,96080,1093
2403,P,4105257,96120,1200
2404,P,4106457,96160,1156
2405,P,4107613,96200,1284
2406,P,4108897,96240,1725
2407,P,4110622,96280,712
2408,P,4111334,96320,606
2409,P,4111940,96360,517
2410,P,4112457,96400,1831
2411,P,4114288,96440,2071
2412,P,4116359,96480,1994
2413,P,4118353,96520,2345
2414,P,4120698,96560,2120
2415,P,4122818,96600,1690
2416,P,4124508,96640,2584
2417,P,4127092,96680,1741
2418,P,4128833,96720,1617
2419,P,4130450,96760,1423
2420,P,4131873,96800,1748
2421,P,4133621,96840,2625
2422,P,4136246,96880,1558
2423,P,4137804,96920,1567
2424,P,4139371,96960,1395
2425,P,4140766,97000,1206
2426,P,4141972,97040,1628
2427,P,4143600,97080,1016
2428,P,4144616,97120,892
2429,P,4145508,97160,1018
2430,P,4146526,97200,999
2431,P,4147525,97240,1403
2432,P,4148928,97280,839
2433,P,4149767,97320,687
2434,P,4150454,97360,11416
2435,P,4161870,97400,979
2436,P,4162849,97440,1175
2437,P,4164024,97480,1257
2438,P,4165281,97520,990
2439,P,4166271,97560,638
2440,P,4166909,97600,549
2441,P,4167458,97640,539
2442,P,4167997,97680,611
2443,P,4168608,97720,631
2444,P,4169239,97760,787
2445,P,4170026,97800,859
2446,P,4170885,97840,866
2447,P,4171751,97880,872
2448,P,4172623,97920,784
2449,P,4173407,97960,604
2450,I,4174011,98000,18816
2451,P,4192827,98040,842
2452,P,4193669,98080,919
2453,P,4194588,98120,1071
2454,P,4195659,98160,1075
2455,P,4196734,98200,1189
2456,P,4197923,98240,982
2457,P,4198905,98280,982
2458,P,4199887,98320,1113
2459,P,4201000,98360,1139
2460,P,4202139,98400,1231
2461,P,4203370,98440,1130
2462,P,4204500,98480,789
2463,P,4205289,98520,672
2464,P,4205961,98560,658
2465,P,4206619,98600,775
2466,P,4207394,98640,933
2467,P,4208327,98680,874
2468,P,4209201,98720,844
2469,P,4210045,98760,695
2470,P,4210740,98800,731
2471,P,4211471,98840,650
2472,P,4212121,98880,560
2473,P,4212681,98920,636
2474,P,4213317,98960,598
2475,P,4213915,99000,571
2476,P,4214486,99040,491
2477,P,4214977,99080,12717
2478,P,4227694,99120,489
2479,P,4228183,99160,697
2480,P,4228880,99200,617
2481,P,4229497,99240,649
2482,P,4230146,99280,627
2483,P,4230773,99320,490
2484,P,4231263,99360,580
2485,P,4231843,99400,446
2486,P,4232289,99440,481
2487,P,4232770,99480,548
2488,P,4233318,99520,600
2489,P,4233918,99560,926
2490,P,4234844,99600,616
2491,P,4235460,99640,611
2492,P,4236071,99680,619
2493,P,4236690,99720,613
2494,P,4237303,99760,751
2495,P,4238054,99800,562
2496,P,4238616,99840,562
2497,P,4239178,99880,540
2498,P,4239718,99920,540
2499,P,4240258,99960,625
2500,I,4240883,100000,16142
2501,P,4257025,100040,647
2502,P,4257672,100080,717
2503,P,4258389,100120,975
2504,P,4259364,100160,1423
2505,P,4260787,100200,1047
2506,P,4261834,100240,865
2507,P,4262699,100280,846
2508,P,4263545,100320,692
2509,P,4264237,100360,1301
2510,P,4265538,100400,669
2511,P,4266207,100440,388
2512,P,4266595,100480,364
2513,P,4266959,100520,423
2514,P,4267382,100560,614
2515,P,4267996,100600,270
2516,P,4268266,100640,15348
2517,P,4283614,100680,468
2518,P,4284082,100720,923
2519,P,4285005,100760,762
2520,P,4285767,100800,438
2521,P,4286205,100840,974
2522,P,4287179,100880,925
2523,P,4288104,100920,717
2524,P,4288821,100960,1202
2525,P,4290023,101000,2552
2526,P,4292575,101040,623
2527,P,4293198,101080,1305
2528,P,4294503,101120,1000
2529,P,4295503,101160,636
2530,P,4296139,101200,1340
2531,P,4297479,101240,1160
2532,P,4298639,101280,744
2533,P,4299383,101320,1535
2534,P,4300918,101360,1430
2535,P,4302348,101400,1784
2536,P,4304132,101440,902
2537,P,4305034,101480,1282
2538,P,4306316,101520,1520
2539,P,4307836,101560,854
2540,P,4308690,101600,1059
2541,P,4309749,101640,1591
2542,P,4311340,101680,933
2543,P,4312273,101720,1471
2544,P,4313744,101760,1505
2545,P,4315249,101800,906
2546,P,4316155,101840,6480
2547,P,4322635,101880,1724
2548,P,4324359,101920,889
2549,P,4325248,101960,1164
2550,I,4326412,102000,13565
2551,P,4339977,102040,1299
2552,P,4341276,102080,942
2553,P,4342218,102120,1438
2554,P,4343656,102160,1193
2555,P,4344849,102200,970
2556,P,4345819,102240,1413
2557,P,4347232,102280,1440
2558,P,4348672,102320,1085
2559,P,4349757,102360,1518
2560,P,4351275,102400,1389
2561,P,4352664,102440,838
2562,P,4353502,102480,1394
2563,P,4354896,102520,1395
2564,P,4356291,102560,1106
2565,P,4357397,102600,1428
2566,P,4358825,102640,1287
2567,P,4360112,102680,1337
2568,P,4361449,102720,1350
2569,P,4362799,102760,1356
2570,P,4364155,102800,1235
2571,P,4365390,102840,1317
2572,P,4366707,102880,1080
2573,P,4367787,102920,1117
2574,P,4368904,102960,1212
2575,P,4370116,103000,1099
2576,P,4371215,103040,1012
2577,P,4372227,103080,1021
2578,P,4373248,103120,830
2579,P,4374078,103160,903
2580,P,4374981,103200,789
2581,P,4375770,103240,687
2582,P,4376457,103280,618
2583,P,4377075,103320,766
2584,P,4377841,103360,718
2585,P,4378559,103400,722
2586,P,4379281,103440,564
2587,P,4379845,103480,99
2588,P,4379944,103520,1310
2589,P,4381254,103560,1218
2590,P,4382472,103600,1667
2591,P,4384139,103640,902
2592,P,4385041,103680,545
2593,P,4385586,103720,1950
2594,P,4387536,103760,1246
2595,P,4388782,103800,1257
2596,P,4390039,103840,753
2597,P,4390792,103880,503
2598,P,4391295,103920,677
2599,P,4391972,103960,496
2600,I,4392468,104000,15219
2601,P,4407687,104040,259
2602,P,4407946,104080,543
2603,P,4408489,104120,437
2604,P,4408926,104160,626
2605,P,4409552,104200,822
2606,P,4410374,104240,459
2607,P,4410833,104280,1043
2608,P,4411876,104320,565
2609,P,4412441,104360,1316
2610,P,4413757,104400,593
2611,P,4414350,104440,1690
2612,P,4416040,104480,1253
2613,P,4417293,104520,881
2614,P,4418174,104560,1395
2615,P,4419569,104600,105
2616,P,4419674,104640,718
2617,P,4420392,104680,82
2618,P,4420474,104720,1012
2619,P,4421486,104760,71
2620,P,4421557,104800,904
2621,P,4422461,104840,90
2622,P,4422551,104880,694
2623,P,4423245,104920,1003
2624,P,4424248,104960,371
2625,P,4424619,105000,95
2626,P,4424714,105040,72
2627,P,4424786,105080,99
2628,P,4424885,105120,52
2629,P,4424937,105160,122
2630,P,4425059,105200,124
2631,P,4425183,105240,87
2632,P,4425270,105280,110
2633,P,4425380,105320,56
2634,P,4425436,105360,70
2635,P,4425506,105400,66
2636,P,4425572,105440,1820
2637,P,4427392,105480,61
2638,P,4427453,105520,128
2639,P,4427581,105560,48
2640,P,4427629,105600,110
2641,P,4427739,105640,221
2642,P,4427960,105680,55
2643,P,4428015,105720,56
2644,P,4428071,105760,64
2645,P,4428135,105800,63
2646,P,4428198,105840,49
2647,P,4428247,105880,63
2648,P,4428310,105920,43
2649,P,4428353,105960,49
2650,I,4428402,106000,25580
2651,P,4453982,106040,83
2652,P,4454065,106080,56
2653,P,4454121,106120,66
2654,P,4454187,106160,154
2655,P,4454341,106200,70
2656,P,4454411,106240,215
2657,P,4454626,106280,78
2658,P,4454704,106320,65
2659,P,4454769,106360,58
2660,P,4454827,106400,85
2661,P,4454912,106440,80
2662,P,4454992,106480,61
2663,P,4455053,106520,79
2664,P,4455132,106560,76
2665,P,4455208,106600,93
2666,P,4455301,106640,105
2667,P,4455406,106680,71
2668,P,4455477,106720,286
2669,P,4455763,106760,63
2670,P,4455826,106800,111
2671,P,4455937,106840,72
2672,P,4456009,106880,57
2673,P,4456066,106920,81
2674,P,4456147,106960,77
2675,P,4456224,107000,73
2676,P,4456297,107040,60
2677,P,4456357,107080,73
2678,P,4456430,107120,45
2679,P,4456475,107160,56
2680,P,4456531,107200,143
2681,P,4456674,107240,73
2682,P,4456747,107280,104
2683,P,4456851,107320,50
2684,P,4456901,107360,72
2685,P,4456973,107400,66
2686,P,4457039,107440,148
2687,P,4457187,107480,64
2688,P,4457251,107520,141
2689,P,4457392,107560,53
2690,P,4457445,107600,105
2691,P,4457550,107640,122
2692,P,4457672,107680,56
2693,P,4457728,107720,54
2694,P,4457782,107760,74
2695,P,4457856,107800,1285
2696,P,4459141,107840,56
2697,P,4459197,107880,132
2698,P,4459329,107920,48
2699,P,4459377,107960,61
2700,I,4459438,108000,18644
2701,P,4478082,108040,68
2702,P,4478150,108080,175
2703,P,4478325,108120,63
2704,P,4478388,108160,238
2705,P,4478626,108200,63
2706,P,4478689,108240,231
2707,P,4478920,108280,61
2708,P,4478981,108320,1774
2709,P,4480755,108360,1026
2710,P,4481781,108400,1014
2711,P,4482795,108440,1000
2712,P,4483795,108480,848
2713,P,4484643,108520,895
2714,P,4485538,108560,918
2715,P,4486456,108600,944
2716,P,4487400,108640,1059
2717,P,4488459,108680,982
2718,P,4489441,108720,979
2719,P,4490420,108760,964
2720,P,4491384,108800,723
2721,P,4492107,108840,601
2722,P,4492708,108880,631
2723,P,4493339,108920,639
2724,P,4493978,108960,691
2725,P,4494669,109000,708
2726,P,4495377,109040,696
2727,P,4496073,109080,636
2728,P,4496709,109120,645
2729,P,4497354,109160,645
2730,P,4497999,109200,674
2731,P,4498673,109240,645
2732,P,4499318,109280,638
2733,P,4499956,109320,684
2734,P,4500640,109360,744
2735,P,4501384,109400,739
2736,P,4502123,109440,686
2737,P,4502809,109480,617
2738,P,4503426,109520,681
2739,P,4504107,109560,657
2740,P,4504764,109600,712
2741,P,4505476,109640,612
2742,P,4506088,109680,606
2743,P,4506694,109720,634
2744,P,4507328,109760,516
2745,P,4507844,109800,554
2746,P,4508398,109840,629
2747,P,4509027,109880,519
2748,P,4509546,109920,490
2749,P,4510036,109960,541
2750,I,4510577,110000,5108
2751,P,4515685,110040,543
2752,P,4516228,110080,603
2753,P,4516831,110120,510
2754,P,4517341,110160,473
2755,P,4517814,110200,490
2756,P,4518304,110240,774
2757,P,4519078,110280,62
2758,P,4519140,110320,10645
2759,P,4529785,110360,5315
2760,P,4535100,110400,3456
2761,P,4538556,110440,3009
2762,P,4541565,110480,2082
2763,P,4543647,110520,1913
2764,P,4545560,110560,2338
2765,P,4547898,110600,2897
2766,P,4550795,110640,2103
2767,P,4552898,110680,2529
2768,P,4555427,110720,3129
2769,P,4558556,110760,3135
2770,P,4561691,110800,2989
2771,P,4564680,110840,2868
2772,P,4567548,110880,2832
2773,P,4570380,110920,2781
2774,P,4573161,110960,3286
2775,P,4576447,111000,3283
2776,P,4579730,111040,2935
2777,P,4582665,111080,2752
2778,P,4585417,111120,3380
2779,P,4588797,111160,3091
2780,P,4591888,111200,4081
2781,P,4595969,111240,2218
2782,P,4598187,111280,2434
2783,P,4600621,111320,2356
2784,P,4602977,111360,2451
2785,P,4605428,111400,1992
2786,P,4607420,111440,1878
2787,P,4609298,111480,1671
2788,P,4610969,111520,13935
2789,P,4624904,111560,2380
2790,P,4627284,111600,2762
2791,P,4630046,111640,3170
2792,P,4633216,111680,2945
2793,P,4636161,111720,2913
2794,P,4639074,111760,2764
2795,P,4641838,111800,2563
2796,P,4644401,111840,2526
2797,P,4646927,111880,2584
2798,P,4649511,111920,2703
2799,P,4652214,111960,2546
2800,I,4654760,112000,20638
2801,P,4675398,112040,2898
2802,P,4678296,112080,3316
2803,P,4681612,112120,3307
2804,P,4684919,112160,3137
2805,P,4688056,112200,3498
2806,P,4691554,112240,3552
2807,P,4695106,112280,3211
2808,P,4698317,112320,3084
2809,P,4701401,112360,2537
2810,P,4703938,112400,2603
2811,P,4706541,112440,2441
2812,P,4708982,112480,2205
2813,P,4711187,112520,2100
2814,P,4713287,112560,7062
2815,P,4720349,112600,505
2816,P,4720854,112640,944
2817,P,4721798,112680,1214
2818,P,4723012,112720,1233
2819,P,4724245,112760,1137
2820,P,4725382,112800,1282
2821,P,4726664,112840,1300
2822,P,4727964,112880,1227
2823,P,4729191,112920,1212
2824,P,4730403,112960,1402
2825,P,4731805,113000,1410
2826,P,4733215,113040,1286
2827,P,4734501,113080,1172
2828,P,4735673,113120,1377
2829,P,4737050,113160,1350
2830,P,4738400,113200,1284
2831,P,4739684,113240,1200
2832,P,4740884,113280,1380
2833,P,4742264,113320,849
2834,P,4743113,113360,1006
2835,P,4744119,113400,848
2836,P,4744967,113440,942
2837,P,4745909,113480,886
2838,P,4746795,113520,927
2839,P,4747722,113560,1204
2840,P,4748926,113600,1277
2841,P,4750203,113640,1259
2842,P,4751462,113680,1262
2843,P,4752724,113720,1297
2844,P,4754021,113760,1174
2845,P,4755195,113800,1324
2846,P,4756519,113840,1277
2847,P,4757796,113880,1133
2848,P,4758929,113920,1000
2849,P,4759929,113960,875
2850,I,4760804,114000,10173
2851,P,4770977,114040,928
2852,P,4771905,114080,1265
2853,P,4773170,114120,1372
2854,P,4774542,114160,986
2855,P,4775528,114200,1041
2856,P,4776569,114240,837
2857,P,4777406,114280,1013
2858,P,4778419,114320,945
2859,P,4779364,114360,915
2860,P,4780279,114400,873
2861,P,4781152,114440,859
2862,P,4782011,114480,891
2863,P,4782902,114520,848
2864,P,4783750,114560,2046
2865,P,4785796,114600,1034
2866,P,4786830,114640,999
2867,P,4787829,114680,907
2868,P,4788736,114720,624
2869,P,4789360,114760,8865
2870,P,4798225,114800,453
2871,P,4798678,114840,350
2872,P,4799028,114880,418
2873,P,4799446,114920,654
2874,P,4800100,114960,585
2875,P,4800685,115000,520
2876,P,4801205,115040,531
2877,P,4801736,115080,522
2878,P,4802258,115120,840
2879,P,4803098,115160,710
2880,P,4803808,115200,640
2881,P,4804448,115240,630
2882,P,4805078,115280,610
2883,P,4805688,115320,945
2884,P,4806633,115360,577
2885,P,4807210,115400,506
2886,P,4807716,115440,466
2887,P,4808182,115480,462
2888,P,4808644,115520,745
2889,P,4809389,115560,515
2890,P,4809904,115600,565
2891,P,4810469,115640,454
2892,P,4810923,115680,430
2893,P,4811353,115720,580
2894,P,4811933,115760,2092
2895,P,4814025,115800,516
2896,P,4814541,115840,504
2897,P,4815045,115880,425
2898,P,4815470,115920,533
2899,P,4816003,115960,229
2900,I,4816232,116000,12805
2901,P,4829037,116040,499
2902,P,4829536,116080,1126
2903,P,4830662,116120,852
2904,P,4831514,116160,1045
2905,P,4832559,116200,1022
2906,P,4833581,116240,1199
2907,P,4834780,116280,2096
2908,P,4836876,116320,1694
2909,P,4838570,116360,1727
2910,P,4840297,116400,2190
2911,P,4842487,116440,1929
2912,P,4844416,116480,2339
2913,P,4846755,116520,1671
2914,P,4848426,116560,1717
2915,P,4850143,116600,1450
2916,P,4851593,116640,1498
2917,P,4853091,116680,2423
2918,P,4855514,116720,1628
2919,P,4857142,116760,1503
2920,P,4858645,116800,1636
2921,P,4860281,116840,1452
2922,P,4861733,116880,2357
2923,P,4864090,116920,1317
2924,P,4865407,116960,1330
2925,P,4866737,117000,1124
2926,P,4867861,117040,10766
2927,P,4878627,117080,473
2928,P,4879100,117120,548
2929,P,4879648,117160,578
2930,P,4880226,117200,1099
2931,P,4881325,117240,510
2932,P,4881835,117280,620
2933,P,4882455,117320,807
2934,P,4883262,117360,709
2935,P,4883971,117400,773
2936,P,4884744,117440,589
2937,P,4885333,117480,646
2938,P,4885979,117520,609
2939,P,4886588,117560,515
2940,P,4887103,117600,886
2941,P,4887989,117640,658
2942,P,4888647,117680,664
2943,P,4889311,117720,661
2944,P,4889972,117760,877
2945,P,4890849,117800,1321
2946,P,4892170,117840,1025
2947,P,4893195,117880,796
2948,P,4893991,117920,755
2949,P,4894746,117960,502
2950,I,4895248,118000,14634
2951,P,4909882,118040,501
2952,P,4910383,118080,335
2953,P,4910718,118120,335
2954,P,4911053,118160,407
2955,P,4911460,118200,10079
2956,P,4921539,118240,2073
2957,P,4923612,118280,2613
2958,P,4926225,118320,2233
2959,P,4928458,118360,2553
2960,P,4931011,118400,2544
2961,P,4933555,118440,2372
2962,P,4935927,118480,3719
2963,P,4939646,118520,2510
2964,P,4942156,118560,2445
2965,P,4944601,118600,2322
2966,P,4946923,118640,2438
2967,P,4949361,118680,2285
2968,P,4951646,118720,2509
2969,P,4954155,118760,2317
2970,P,4956472,118800,2431
2971,P,4958903,118840,2362
2972,P,4961265,118880,2378
2973,P,4963643,118920,2465
2974,P,4966108,118960,2547
2975,P,4968655,119000,2340
2976,P,4970995,119040,2466
2977,P,4973461,119080,2410
2978,P,4975871,119120,2543
2979,P,4978414,119160,2376
2980,P,4980790,119200,2389
2981,P,4983179,119240,2214
2982,P,4985393,119280,2145
2983,P,4987538,119320,2169
2984,P,4989707,119360,2140
2985,P,4991847,119400,2388
2986,P,4994235,119440,2336
2987,P,4996571,119480,2035
2988,P,4998606,119520,2160
2989,P,5000766,119560,2315
2990,P,5003081,119600,2448
2991,P,5005529,119640,2267
2992,P,5007796,119680,2037
2993,P,5009833,119720,1834
2994,P,5011667,119760,1926
2995,P,5013593,119800,1730
2996,P,5015323,119840,1531
2997,P,5016854,119880,1396
2998,P,5018250,119920,1238
2999,P,5019488,119960,1050
3000,I,5020538,120000,15138
3001,P,5035676,120040,1532
3002,P,5037208,120080,2492
3003,P,5039700,120120,2087
3004,P,5041787,120160,2371
3005,P,5044158,120200,2183
3006,P,5046341,120240,2400
3007,P,5048741,120280,2326
3008,P,5051067,120320,2311
3009,P,5053378,120360,2285
3010,P,5055663,120400,2338
3011,P,5058001,120440,2482
3012,P,5060483,120480,2453
3013,P,5062936,120520,2353
3014,P,5065289,120560,2422
3015,P,5067711,120600,2462
3016,P,5070173,120640,2320
3017,P,5072493,120680,2323
3018,P,5074816,120720,2247
3019,P,5077063,120760,2020
3020,P,5079083,120800,2201
3021,P,5081284,120840,1987
3022,P,5083271,120880,1926
3023,P,5085197,120920,1792
3024,P,5086989,120960,1528
3025,P,5088517,121000,1379
3026,P,5089896,121040,931
3027,P,5090827,121080,622
3028,P,5091449,121120,7505
3029,P,5098954,121160,58
3030,P,5099012,121200,480
3031,P,5099492,121240,505
3032,P,5099997,121280,539
3033,P,5100536,121320,587
3034,P,5101123,121360,615
3035,P,5101738,121400,662
3036,P,5102400,121440,956
3037,P,5103356,121480,1244
3038,P,5104600,121520,730
3039,P,5105330,121560,875
3040,P,5106205,121600,591
3041,P,5106796,121640,643
3042,P,5107439,121680,692
3043,P,5108131,121720,740
3044,P,5108871,121760,910
3045,P,5109781,121800,68
3046,P,5109849,121840,571
3047,P,5110420,121880,571
3048,P,5110991,121920,633
3049,P,5111624,121960,499
3050,I,5112123,122000,11042
3051,P,5123165,122040,737
3052,P,5123902,122080,738
3053,P,5124640,122120,984
3054,P,5125624,122160,70
3055,P,5125694,122200,718
3056,P,5126412,122240,950
3057,P,5127362,122280,791
3058,P,5128153,122320,946
3059,P,5129099,122360,1051
3060,P,5130150,122400,1008
3061,P,5131158,122440,1165
3062,P,5132323,122480,59
3063,P,5132382,122520,881
3064,P,5133263,122560,836
3065,P,5134099,122600,1118
3066,P,5135217,122640,877
3067,P,5136094,122680,1175
3068,P,5137269,122720,830
3069,P,5138099,122760,944
3070,P,5139043,122800,1096
3071,P,5140139,122840,57
3072,P,5140196,122880,723
3073,P,5140919,122920,3106
3074,P,5144025,122960,889
3075,P,5144914,123000,982
3076,P,5145896,123040,1166
3077,P,5147062,123080,980
3078,P,5148042,123120,1422
3079,P,5149464,123160,57
3080,P,5149521,123200,1060
3081,P,5150581,123240,1093
3082,P,5151674,123280,1327
3083,P,5153001,123320,1140
3084,P,5154141,123360,1354
3085,P,5155495,123400,1013
3086,P,5156508,123440,1008
3087,P,5157516,123480,1220
3088,P,5158736,123520,63
3089,P,5158799,123560,753
3090,P,5159552,123600,899
3091,P,5160451,123640,1287
3092,P,5161738,123680,951
3093,P,5162689,123720,1392
3094,P,5164081,123760,1103
3095,P,5165184,123800,1187
3096,P,5166371,123840,58
3097,P,5166429,123880,1233
3098,P,5167662,123920,969
3099,P,5168631,123960,1024
3100,I,5169655,124000,11752
3101,P,5181407,124040,1008
3102,P,5182415,124080,1483
3103,P,5183898,124120,1310
3104,P,5185208,124160,1507
3105,P,5186715,124200,69
3106,P,5186784,124240,1062
3107,P,5187846,124280,1352
3108,P,5189198,124320,1524
3109,P,5190722,124360,1286
3110,P,5192008,124400,1616
3111,P,5193624,124440,1343
3112,P,5194967,124480,1296
3113,P,5196263,124520,56
3114,P,5196319,124560,1599
3115,P,5197918,124600,1193
3116,P,5199111,124640,1581
3117,P,5200692,124680,1389
3118,P,5202081,124720,1454
3119,P,5203535,124760,1794
3120,P,5205329,124800,1345
3121,P,5206674,124840,64
3122,P,5206738,124880,1568
3123,P,5208306,124920,1249
3124,P,5209555,124960,1452
3125,P,5211007,125000,1599
3126,P,5212606,125040,1254
3127,P,5213860,125080,1731
3128,P,5215591,125120,1239
3129,P,5216830,125160,1221
3130,P,5218051,125200,89
3131,P,5218140,125240,1462
3132,P,5219602,125280,1437
3133,P,5221039,125320,1639
3134,P,5222678,125360,1190
3135,P,5223868,125400,1138
3136,P,5225006,125440,1559
3137,P,5226565,125480,1189
3138,P,5227754,125520,63
3139,P,5227817,125560,1140
3140,P,5228957,125600,1107
3141,P,5230064,125640,1040
3142,P,5231104,125680,2358
3143,P,5233462,125720,970
3144,P,5234432,125760,1182
3145,P,5235614,125800,1005
3146,P,5236619,125840,996
3147,P,5237615,125880,87
3148,P,5237702,125920,957
3149,P,5238659,125960,678
3150,I,5239337,126000,10235
3151,P,5249572,126040,805
3152,P,5250377,126080,1079
3153,P,5251456,126120,1438
3154,P,5252894,126160,1403
3155,P,5254297,126200,68
3156,P,5254365,126240,1566
3157,P,5255931,126280,1269
3158,P,5257200,126320,1110
3159,P,5258310,126360,1276
3160,P,5259586,126400,941
3161,P,5260527,126440,1234
3162,P,5261761,126480,1205
3163,P,5262966,126520,1390
3164,P,5264356,126560,80
3165,P,5264436,126600,1506
3166,P,5265942,126640,1468
3167,P,5267410,126680,1825
3168,P,5269235,126720,1775
3169,P,5271010,126760,1812
3170,P,5272822,126800,2211
3171,P,5275033,126840,1828
3172,P,5276861,126880,86
3173,P,5276947,126920,1810
3174,P,5278757,126960,1534
3175,P,5280291,127000,1556
3176,P,5281847,127040,1786
3177,P,5283633,127080,1206
3178,P,5284839,127120,1700
3179,P,5286539,127160,1449
3180,P,5287988,127200,1462
3181,P,5289450,127240,99
3182,P,5289549,127280,1416
3183,P,5290965,127320,1149
3184,P,5292114,127360,1163
3185,P,5293277,127400,1312
3186,P,5294589,127440,1148
3187,P,5295737,127480,1385
3188,P,5297122,127520,1306
3189,P,5298428,127560,118
3190,P,5298546,127600,936
3191,P,5299482,127640,1132
3192,P,5300614,127680,896
3193,P,5301510,127720,1079
3194,P,5302589,127760,968
3195,P,5303557,127800,799
3196,P,5304356,127840,909
3197,P,5305265,127880,120
3198,P,5305385,127920,300
3199,P,5305685,127960,470
3200,I,5306155,128000,9834
3201,P,5315989,128040,544
3202,P,5316533,128080,612
3203,P,5317145,128120,828
3204,P,5317973,128160,872
3205,P,5318845,128200,380
3206,P,5319225,128240,192
3207,P,5319417,128280,555
3208,P,5319972,128320,613
3209,P,5320585,128360,592
3210,P,5321177,128400,548
3211,P,5321725,128440,529
3212,P,5322254,128480,486
3213,P,5322740,128520,470
3214,P,5323210,128560,381
3215,P,5323591,128600,364
3216,P,5323955,128640,320
3217,P,5324275,128680,349
3218,P,5324624,128720,452
3219,P,5325076,128760,395
3220,P,5325471,128800,559
3221,P,5326030,128840,667
3222,P,5326697,128880,1026
3223,P,5327723,128920,966
3224,P,5328689,128960,111
3225,P,5328800,129000,139
3226,P,5328939,129040,114
3227,P,5329053,129080,259
3228,P,5329312,129120,527
3229,P,5329839,129160,652
3230,P,5330491,129200,825
3231,P,5331316,129240,878
3232,P,5332194,129280,673
3233,P,5332867,129320,1055
3234,P,5333922,129360,1136
3235,P,5335058,129400,78
3236,P,5335136,129440,61
3237,P,5335197,129480,57
3238,P,5335254,129520,55
3239,P,5335309,129560,55
3240,P,5335364,129600,67
3241,P,5335431,129640,54
3242,P,5335485,129680,57
3243,P,5335542,129720,48
3244,P,5335590,129760,45
3245,P,5335635,129800,56
3246,P,5335691,129840,50
3247,P,5335741,129880,50
3248,P,5335791,129920,50
3249,P,5335841,129960,52
3250,I,5335893,130000,4660
3251,P,5340553,130040,55
3252,P,5340608,130080,51
3253,P,5340659,130120,46
3254,P,5340705,130160,62
3255,P,5340767,130200,56
3256,P,5340823,130240,50
3257,P,5340873,130280,57
3258,P,5340930,130320,52
3259,P,5340982,130360,55
3260,P,5341037,130400,60
3261,P,5341097,130440,52
3262,P,5341149,130480,49
3263,P,5341198,130520,44
3264,P,5341242,130560,63
3265,P,5341305,130600,55
3266,P,5341360,130640,50
3267,P,5341410,130680,61
3268,P,5341471,130720,54
3269,P,5341525,130760,55
3270,P,5341580,130800,56
3271,P,5341636,130840,50
3272,P,5341686,130880,50
3273,P,5341736,130920,43
3274,P,5341779,130960,85
3275,P,5341864,131000,133
3276,P,5341997,131040,191
3277,P,5342188,131080,243
3278,P,5342431,131120,296
3279,P,5342727,131160,249
3280,P,5342976,131200,278
3281,P,5343254,131240,272
3282,P,5343526,131280,275
3283,P,5343801,131320,290
3284,P,5344091,131360,312
3285,P,5344403,131400,197
3286,P,5344600,131440,142
3287,P,5344742,131480,147
3288,P,5344889,131520,160
3289,P,5345049,131560,375
