0,I,0,0,4636
1,P,4636,40,598
2,P,5234,80,1178
3,P,6412,120,1298
4,P,7710,160,943
5,P,8653,200,1417
6,P,10070,240,958
7,P,11028,280,1271
8,P,12299,320,786
9,P,13085,360,966
10,P,14051,400,423
11,P,14474,440,441
12,P,14915,480,927
13,P,15842,520,718
14,P,16560,560,649
15,P,17209,600,1125
16,P,18334,640,842
17,P,19176,680,887
18,P,20063,720,1501
19,P,21564,760,765
20,P,22329,800,843
21,P,23172,840,996
22,P,24168,880,715
23,P,24883,920,455
24,P,25338,960,829
25,P,26167,1000,721
26,P,26888,1040,1015
27,P,27903,1080,769
28,P,28672,1120,982
29,P,29654,1160,772
30,P,30426,1200,1208
31,P,31634,1240,1173
32,P,32807,1280,770
33,P,33577,1320,738
34,P,34315,1360,883
35,P,35198,1400,611
36,P,35809,1440,634
37,P,36443,1480,1022
38,P,37465,1520,529
39,P,37994,1560,490
40,P,38484,1600,2659
41,P,41143,1640,1544
42,P,42687,1680,1134
43,P,43821,1720,1160
44,P,44981,1760,1482
45,P,46463,1800,935
46,P,47398,1840,451
47,P,47849,1880,478
48,P,48327,1920,371
49,P,48698,1960,389
50,I,49087,2000,4442
51,P,53529,2040,609
52,P,54138,2080,878
53,P,55016,2120,1665
54,P,56681,2160,899
55,P,57580,2200,981
56,P,58561,2240,2040
57,P,60601,2280,81
58,P,60682,2320,85
59,P,60767,2360,69
60,P,60836,2400,88
61,P,60924,2440,506
62,P,61430,2480,483
63,P,61913,2520,615
64,P,62528,2560,945
65,P,63473,2600,395
66,P,63868,2640,530
67,P,64398,2680,926
68,P,65324,2720,1411
69,P,66735,2760,1103
70,P,67838,2800,1596
71,P,69434,2840,897
72,P,70331,2880,876
73,P,71207,2920,579
74,P,71786,2960,347
75,P,72133,3000,408
76,P,72541,3040,710
77,P,73251,3080,687
78,P,73938,3120,688
79,P,74626,3160,779
80,P,75405,3200,1084
81,P,76489,3240,833
82,P,77322,3280,934
83,P,78256,3320,1278
84,P,79534,3360,672
85,P,80206,3400,775
86,P,80981,3440,869
87,P,81850,3480,391
88,P,82241,3520,301
89,P,82542,3560,666
90,P,83208,3600,744
91,P,83952,3640,1021
92,P,84973,3680,821
93,P,85794,3720,3409
94,P,89203,3760,583
95,P,89786,3800,405
96,P,90191,3840,342
97,P,90533,3880,425
98,P,90958,3920,601
99,P,91559,3960,635
100,I,92194,4000,4654
101,P,96848,4040,579
102,P,97427,4080,1290
103,P,98717,4120,819
104,P,99536,4160,656
105,P,100192,4200,1155
106,P,101347,4240,374
107,P,101721,4280,232
108,P,101953,4320,576
109,P,102529,4360,927
110,P,103456,4400,617
111,P,104073,4440,1103
112,P,105176,4480,752
113,P,105928,4520,824
114,P,106752,4560,649
115,P,107401,4600,970
116,P,108371,4640,674
117,P,109045,4680,946
118,P,109991,4720,700
119,P,110691,4760,390
120,P,111081,4800,529
121,P,111610,4840,932
122,P,112542,4880,504
123,P,113046,4920,434
124,P,113480,4960,911
125,P,114391,5000,562
126,P,114953,5040,553
127,P,115506,5080,781
128,P,116287,5120,571
129,P,116858,5160,810
130,P,117668,5200,993
131,P,118661,5240,1449
132,P,120110,5280,874
133,P,120984,5320,483
134,P,121467,5360,712
135,P,122179,5400,471
136,P,122650,5440,522
137,P,123172,5480,700
138,P,123872,5520,790
139,P,124662,5560,958
140,P,125620,5600,1314
141,P,126934,5640,870
142,P,127804,5680,703
143,P,128507,5720,1166
144,P,129673,5760,464
145,P,130137,5800,410
146,P,130547,5840,585
147,P,131132,5880,708
148,P,131840,5920,506
149,P,132346,5960,89
150,I,132435,6000,1600
151,P,134035,6040,79
152,P,134114,6080,82
153,P,134196,6120,66
154,P,134262,6160,78
155,P,134340,6200,48
156,P,134388,6240,66
157,P,134454,6280,69
158,P,134523,6320,85
159,P,134608,6360,72
160,P,134680,6400,57
161,P,134737,6440,1354
162,P,136091,6480,1334
163,P,137425,6520,1231
164,P,138656,6560,1197
165,P,139853,6600,1377
166,P,141230,6640,803
167,P,142033,6680,1173
168,P,143206,6720,1102
169,P,144308,6760,816
170,P,145124,6800,970
171,P,146094,6840,1150
172,P,147244,6880,736
173,P,147980,6920,1020
174,P,149000,6960,1223
175,P,150223,7000,784
176,P,151007,7040,1053
177,P,152060,7080,1197
178,P,153257,7120,856
179,P,154113,7160,1097
180,P,155210,7200,1517
181,P,156727,7240,950
182,P,157677,7280,1220
183,P,158897,7320,1475
184,P,160372,7360,825
185,P,161197,7400,1128
186,P,162325,7440,1107
187,P,163432,7480,578
188,P,164010,7520,920
189,P,164930,7560,1197
190,P,166127,7600,591
191,P,166718,7640,1007
192,P,167725,7680,1333
193,P,169058,7720,712
194,P,169770,7760,877
195,P,170647,7800,957
196,P,171604,7840,635
197,P,172239,7880,544
198,P,172783,7920,564
199,P,173347,7960,312
200,I,173659,8000,4571
201,P,178230,8040,3936
202,P,182166,8080,633
203,P,182799,8120,795
204,P,183594,8160,474
205,P,184068,8200,533
206,P,184601,8240,284
207,P,184885,8280,414
208,P,185299,8320,591
209,P,185890,8360,195
210,P,186085,8400,331
211,P,186416,8440,499
212,P,186915,8480,222
213,P,187137,8520,575
214,P,187712,8560,1004
215,P,188716,8600,528
216,P,189244,8640,610
217,P,189854,8680,710
218,P,190564,8720,326
219,P,190890,8760,391
220,P,191281,8800,502
221,P,191783,8840,278
222,P,192061,8880,5352
223,P,197413,8920,618
224,P,198031,8960,710
225,P,198741,9000,699
226,P,199440,9040,782
227,P,200222,9080,651
228,P,200873,9120,738
229,P,201611,9160,703
230,P,202314,9200,730
231,P,203044,9240,770
232,P,203814,9280,881
233,P,204695,9320,777
234,P,205472,9360,811
235,P,206283,9400,789
236,P,207072,9440,713
237,P,207785,9480,805
238,P,208590,9520,874
239,P,209464,9560,905
240,P,210369,9600,782
241,P,211151,9640,883
242,P,212034,9680,861
243,P,212895,9720,666
244,P,213561,9760,773
245,P,214334,9800,794
246,P,215128,9840,599
247,P,215727,9880,679
248,P,216406,9920,521
249,P,216927,9960,346
250,I,217273,10000,4101
251,P,221374,10040,3437
252,P,224811,10080,702
253,P,225513,10120,975
254,P,226488,10160,1039
255,P,227527,10200,822
256,P,228349,10240,962
257,P,229311,10280,1066
258,P,230377,10320,844
259,P,231221,10360,976
260,P,232197,10400,1010
261,P,233207,10440,798
262,P,234005,10480,999
263,P,235004,10520,1073
264,P,236077,10560,886
265,P,236963,10600,1014
266,P,237977,10640,1130
267,P,239107,10680,958
268,P,240065,10720,1045
269,P,241110,10760,1247
270,P,242357,10800,1052
271,P,243409,10840,1044
272,P,244453,10880,1461
273,P,245914,10920,897
274,P,246811,10960,1026
275,P,247837,11000,1176
276,P,249013,11040,932
277,P,249945,11080,1021
278,P,250966,11120,1166
279,P,252132,11160,1049
280,P,253181,11200,1043
281,P,254224,11240,1150
282,P,255374,11280,1233
283,P,256607,11320,903
284,P,257510,11360,1203
285,P,258713,11400,1263
286,P,259976,11440,947
287,P,260923,11480,1257
288,P,262180,11520,1352
289,P,263532,11560,1062
290,P,264594,11600,1884
291,P,266478,11640,2008
292,P,268486,11680,1281
293,P,269767,11720,2037
294,P,271804,11760,2099
295,P,273903,11800,1203
296,P,275106,11840,1917
297,P,277023,11880,1549
298,P,278572,11920,831
299,P,279403,11960,1255
300,I,280658,12000,6475
301,P,287133,12040,1095
302,P,288228,12080,1676
303,P,289904,12120,1827
304,P,291731,12160,1316
305,P,293047,12200,1761
306,P,294808,12240,1859
307,P,296667,12280,1189
308,P,297856,12320,1866
309,P,299722,12360,1869
310,P,301591,12400,1306
311,P,302897,12440,1912
312,P,304809,12480,1912
313,P,306721,12520,1179
314,P,307900,12560,1771
315,P,309671,12600,2017
316,P,311688,12640,1283
317,P,312971,12680,1859
318,P,314830,12720,1949
319,P,316779,12760,1243
320,P,318022,12800,1924
321,P,319946,12840,1837
322,P,321783,12880,1840
323,P,323623,12920,1167
324,P,324790,12960,1835
325,P,326625,13000,1822
326,P,328447,13040,1185
327,P,329632,13080,1721
328,P,331353,13120,1798
329,P,333151,13160,1023
330,P,334174,13200,1654
331,P,335828,13240,1558
332,P,337386,13280,977
333,P,338363,13320,1433
334,P,339796,13360,1443
335,P,341239,13400,816
336,P,342055,13440,1279
337,P,343334,13480,1278
338,P,344612,13520,889
339,P,345501,13560,1352
340,P,346853,13600,1279
341,P,348132,13640,831
342,P,348963,13680,1133
343,P,350096,13720,1084
344,P,351180,13760,577
345,P,351757,13800,981
346,P,352738,13840,1017
347,P,353755,13880,581
348,P,354336,13920,808
349,P,355144,13960,613
350,I,355757,14000,4084
351,P,359841,14040,5039
352,P,364880,14080,235
353,P,365115,14120,232
354,P,365347,14160,275
355,P,365622,14200,230
356,P,365852,14240,192
357,P,366044,14280,206
358,P,366250,14320,352
359,P,366602,14360,231
360,P,366833,14400,371
361,P,367204,14440,410
362,P,367614,14480,243
363,P,367857,14520,376
364,P,368233,14560,414
365,P,368647,14600,359
366,P,369006,14640,267
367,P,369273,14680,450
368,P,369723,14720,442
369,P,370165,14760,259
370,P,370424,14800,429
371,P,370853,14840,132
372,P,370985,14880,115
373,P,371100,14920,264
374,P,371364,14960,147
375,P,371511,15000,160
376,P,371671,15040,312
377,P,371983,15080,183
378,P,372166,15120,119
379,P,372285,15160,187
380,P,372472,15200,101
381,P,372573,15240,51
382,P,372624,15280,61
383,P,372685,15320,57
384,P,372742,15360,51
385,P,372793,15400,44
386,P,372837,15440,4702
387,P,377539,15480,280
388,P,377819,15520,291
389,P,378110,15560,310
390,P,378420,15600,463
391,P,378883,15640,325
392,P,379208,15680,295
393,P,379503,15720,320
394,P,379823,15760,358
395,P,380181,15800,399
396,P,380580,15840,254
397,P,380834,15880,240
398,P,381074,15920,201
399,P,381275,15960,191
400,I,381466,16000,6713
401,P,388179,16040,331
402,P,388510,16080,393
403,P,388903,16120,390
404,P,389293,16160,402
405,P,389695,16200,529
406,P,390224,16240,346
407,P,390570,16280,369
408,P,390939,16320,356
409,P,391295,16360,323
410,P,391618,16400,488
411,P,392106,16440,381
412,P,392487,16480,364
413,P,392851,16520,353
414,P,393204,16560,328
415,P,393532,16600,481
416,P,394013,16640,351
417,P,394364,16680,330
418,P,394694,16720,366
419,P,395060,16760,315
420,P,395375,16800,596
421,P,395971,16840,358
422,P,396329,16880,329
423,P,396658,16920,275
424,P,396933,16960,290
425,P,397223,17000,503
426,P,397726,17040,313
427,P,398039,17080,344
428,P,398383,17120,312
429,P,398695,17160,299
430,P,398994,17200,567
431,P,399561,17240,325
432,P,399886,17280,322
433,P,400208,17320,359
434,P,400567,17360,354
435,P,400921,17400,505
436,P,401426,17440,343
437,P,401769,17480,315
438,P,402084,17520,350
439,P,402434,17560,369
440,P,402803,17600,517
441,P,403320,17640,349
442,P,403669,17680,368
443,P,404037,17720,455
444,P,404492,17760,422
445,P,404914,17800,517
446,P,405431,17840,292
447,P,405723,17880,280
448,P,406003,17920,265
449,P,406268,17960,238
450,I,406506,18000,6751
451,P,413257,18040,354
452,P,413611,18080,413
453,P,414024,18120,407
454,P,414431,18160,401
455,P,414832,18200,509
456,P,415341,18240,291
457,P,415632,18280,405
458,P,416037,18320,331
459,P,416368,18360,306
460,P,416674,18400,418
461,P,417092,18440,295
462,P,417387,18480,294
463,P,417681,18520,279
464,P,417960,18560,287
465,P,418247,18600,419
466,P,418666,18640,297
467,P,418963,18680,276
468,P,419239,18720,297
469,P,419536,18760,299
470,P,419835,18800,394
471,P,420229,18840,235
472,P,420464,18880,182
473,P,420646,18920,163
474,P,420809,18960,142
475,P,420951,19000,139
476,P,421090,19040,71
477,P,421161,19080,3135
478,P,424296,19120,221
479,P,424517,19160,221
480,P,424738,19200,246
481,P,424984,19240,230
482,P,425214,19280,242
483,P,425456,19320,219
484,P,425675,19360,241
485,P,425916,19400,244
486,P,426160,19440,242
487,P,426402,19480,220
488,P,426622,19520,281
489,P,426903,19560,260
490,P,427163,19600,266
491,P,427429,19640,251
492,P,427680,19680,233
493,P,427913,19720,250
494,P,428163,19760,251
495,P,428414,19800,207
496,P,428621,19840,260
497,P,428881,19880,210
498,P,429091,19920,199
499,P,429290,19960,196
500,I,429486,20000,4505
501,P,433991,20040,278
502,P,434269,20080,308
503,P,434577,20120,318
504,P,434895,20160,315
505,P,435210,20200,360
506,P,435570,20240,331
507,P,435901,20280,389
508,P,436290,20320,367
509,P,436657,20360,413
510,P,437070,20400,426
511,P,437496,20440,415
512,P,437911,20480,389
513,P,438300,20520,482
514,P,438782,20560,422
515,P,439204,20600,463
516,P,439667,20640,578
517,P,440245,20680,552
518,P,440797,20720,607
519,P,441404,20760,590
520,P,441994,20800,617
521,P,442611,20840,551
522,P,443162,20880,728
523,P,443890,20920,513
524,P,444403,20960,590
525,P,444993,21000,478
526,P,445471,21040,652
527,P,446123,21080,511
528,P,446634,21120,609
529,P,447243,21160,611
530,P,447854,21200,604
531,P,448458,21240,574
532,P,449032,21280,617
533,P,449649,21320,535
534,P,450184,21360,592
535,P,450776,21400,503
536,P,451279,21440,605
537,P,451884,21480,618
538,P,452502,21520,295
539,P,452797,21560,95
540,P,452892,21600,1055
541,P,453947,21640,965
542,P,454912,21680,964
543,P,455876,21720,549
544,P,456425,21760,480
545,P,456905,21800,450
546,P,457355,21840,323
547,P,457678,21880,385
548,P,458063,21920,171
549,P,458234,21960,182
550,I,458416,22000,5729
551,P,464145,22040,256
552,P,464401,22080,326
553,P,464727,22120,467
554,P,465194,22160,533
555,P,465727,22200,609
556,P,466336,22240,500
557,P,466836,22280,721
558,P,467557,22320,453
559,P,468010,22360,661
560,P,468671,22400,698
561,P,469369,22440,802
562,P,470171,22480,624
563,P,470795,22520,666
564,P,471461,22560,660
565,P,472121,22600,299
566,P,472420,22640,326
567,P,472746,22680,283
568,P,473029,22720,318
569,P,473347,22760,279
570,P,473626,22800,365
571,P,473991,22840,318
572,P,474309,22880,268
573,P,474577,22920,319
574,P,474896,22960,304
575,P,475200,23000,337
576,P,475537,23040,411
577,P,475948,23080,328
578,P,476276,23120,356
579,P,476632,23160,346
580,P,476978,23200,441
581,P,477419,23240,427
582,P,477846,23280,340
583,P,478186,23320,316
584,P,478502,23360,381
585,P,478883,23400,299
586,P,479182,23440,410
587,P,479592,23480,274
588,P,479866,23520,325
589,P,480191,23560,270
590,P,480461,23600,352
591,P,480813,23640,384
592,P,481197,23680,278
593,P,481475,23720,297
594,P,481772,23760,280
595,P,482052,23800,261
596,P,482313,23840,364
597,P,482677,23880,352
598,P,483029,23920,366
599,P,483395,23960,361
600,I,483756,24000,4502
601,P,488258,24040,499
602,P,488757,24080,543
603,P,489300,24120,577
604,P,489877,24160,686
605,P,490563,24200,753
606,P,491316,24240,993
607,P,492309,24280,864
608,P,493173,24320,120
609,P,493293,24360,99
610,P,493392,24400,123
611,P,493515,24440,91
612,P,493606,24480,78
613,P,493684,24520,602
614,P,494286,24560,723
615,P,495009,24600,704
616,P,495713,24640,661
617,P,496374,24680,715
618,P,497089,24720,806
619,P,497895,24760,758
620,P,498653,24800,949
621,P,499602,24840,813
622,P,500415,24880,754
623,P,501169,24920,997
624,P,502166,24960,824
625,P,502990,25000,846
626,P,503836,25040,591
627,P,504427,25080,274
628,P,504701,25120,288
629,P,504989,25160,170
630,P,505159,25200,274
631,P,505433,25240,234
632,P,505667,25280,222
633,P,505889,25320,228
634,P,506117,25360,194
635,P,506311,25400,268
636,P,506579,25440,310
637,P,506889,25480,366
638,P,507255,25520,620
639,P,507875,25560,497
640,P,508372,25600,520
641,P,508892,25640,280
642,P,509172,25680,347
643,P,509519,25720,398
644,P,509917,25760,226
645,P,510143,25800,283
646,P,510426,25840,168
647,P,510594,25880,249
648,P,510843,25920,199
649,P,511042,25960,121
650,I,511163,26000,3737
651,P,514900,26040,168
652,P,515068,26080,3603
653,P,518671,26120,837
654,P,519508,26160,955
655,P,520463,26200,1047
656,P,521510,26240,884
657,P,522394,26280,722
658,P,523116,26320,417
659,P,523533,26360,647
660,P,524180,26400,349
661,P,524529,26440,708
662,P,525237,26480,612
663,P,525849,26520,864
664,P,526713,26560,633
665,P,527346,26600,836
666,P,528182,26640,790
667,P,528972,26680,738
668,P,529710,26720,794
669,P,530504,26760,563
670,P,531067,26800,676
671,P,531743,26840,371
672,P,532114,26880,777
673,P,532891,26920,741
674,P,533632,26960,751
675,P,534383,27000,622
676,P,535005,27040,728
677,P,535733,27080,759
678,P,536492,27120,836
679,P,537328,27160,381
680,P,537709,27200,4109
681,P,541818,27240,997
682,P,542815,27280,1538
683,P,544353,27320,1100
684,P,545453,27360,1120
685,P,546573,27400,1096
686,P,547669,27440,1024
687,P,548693,27480,1521
688,P,550214,27520,1237
689,P,551451,27560,1349
690,P,552800,27600,1387
691,P,554187,27640,1426
692,P,555613,27680,1836
693,P,557449,27720,1075
694,P,558524,27760,1081
695,P,559605,27800,1212
696,P,560817,27840,957
697,P,561774,27880,1327
698,P,563101,27920,847
699,P,563948,27960,719
700,I,564667,28000,5617
701,P,570284,28040,1095
702,P,571379,28080,1302
703,P,572681,28120,1220
704,P,573901,28160,1296
705,P,575197,28200,1244
706,P,576441,28240,1151
707,P,577592,28280,1492
708,P,579084,28320,1160
709,P,580244,28360,1138
710,P,581382,28400,1136
711,P,582518,28440,1003
712,P,583521,28480,1035
713,P,584556,28520,3485
714,P,588041,28560,264
715,P,588305,28600,360
716,P,588665,28640,330
717,P,588995,28680,296
718,P,589291,28720,351
719,P,589642,28760,335
720,P,589977,28800,339
721,P,590316,28840,352
722,P,590668,28880,263
723,P,590931,28920,257
724,P,591188,28960,316
725,P,591504,29000,261
726,P,591765,29040,425
727,P,592190,29080,290
728,P,592480,29120,249
729,P,592729,29160,298
730,P,593027,29200,359
731,P,593386,29240,509
732,P,593895,29280,331
733,P,594226,29320,352
734,P,594578,29360,172
735,P,594750,29400,192
736,P,594942,29440,265
737,P,595207,29480,175
738,P,595382,29520,178
739,P,595560,29560,148
740,P,595708,29600,200
741,P,595908,29640,293
742,P,596201,29680,240
743,P,596441,29720,246
744,P,596687,29760,262
745,P,596949,29800,217
746,P,597166,29840,334
747,P,597500,29880,214
748,P,597714,29920,184
749,P,597898,29960,149
750,I,598047,30000,4881
751,P,602928,30040,475
752,P,603403,30080,390
753,P,603793,30120,353
754,P,604146,30160,292
755,P,604438,30200,201
756,P,604639,30240,445
757,P,605084,30280,155
758,P,605239,30320,213
759,P,605452,30360,226
760,P,605678,30400,233
761,P,605911,30440,252
762,P,606163,30480,150
763,P,606313,30520,148
764,P,606461,30560,197
765,P,606658,30600,244
766,P,606902,30640,336
767,P,607238,30680,227
768,P,607465,30720,261
769,P,607726,30760,237
770,P,607963,30800,277
771,P,608240,30840,407
772,P,608647,30880,296
773,P,608943,30920,309
774,P,609252,30960,268
775,P,609520,31000,295
776,P,609815,31040,392
777,P,610207,31080,272
778,P,610479,31120,283
779,P,610762,31160,280
780,P,611042,31200,280
781,P,611322,31240,429
782,P,611751,31280,280
783,P,612031,31320,296
784,P,612327,31360,313
785,P,612640,31400,280
786,P,612920,31440,407
787,P,613327,31480,208
788,P,613535,31520,226
789,P,613761,31560,204
790,P,613965,31600,162
791,P,614127,31640,182
792,P,614309,31680,3635
793,P,617944,31720,1170
794,P,619114,31760,1449
795,P,620563,31800,1551
796,P,622114,31840,1429
797,P,623543,31880,1219
798,P,624762,31920,1302
799,P,626064,31960,1254
800,I,627318,32000,4931
801,P,632249,32040,1571
802,P,633820,32080,1598
803,P,635418,32120,1628
804,P,637046,32160,1625
805,P,638671,32200,1799
806,P,640470,32240,1464
807,P,641934,32280,1475
808,P,643409,32320,1657
809,P,645066,32360,1773
810,P,646839,32400,1739
811,P,648578,32440,1783
812,P,650361,32480,1575
813,P,651936,32520,1416
814,P,653352,32560,1429
815,P,654781,32600,1630
816,P,656411,32640,1576
817,P,657987,32680,1495
818,P,659482,32720,1482
819,P,660964,32760,1261
820,P,662225,32800,1058
821,P,663283,32840,1089
822,P,664372,32880,1094
823,P,665466,32920,1204
824,P,666670,32960,1025
825,P,667695,33000,941
826,P,668636,33040,919
827,P,669555,33080,3518
828,P,673073,33120,236
829,P,673309,33160,301
830,P,673610,33200,340
831,P,673950,33240,303
832,P,674253,33280,280
833,P,674533,33320,288
834,P,674821,33360,293
835,P,675114,33400,265
836,P,675379,33440,267
837,P,675646,33480,303
838,P,675949,33520,248
839,P,676197,33560,246
840,P,676443,33600,329
841,P,676772,33640,277
842,P,677049,33680,251
843,P,677300,33720,267
844,P,677567,33760,281
845,P,677848,33800,283
846,P,678131,33840,313
847,P,678444,33880,247
848,P,678691,33920,270
849,P,678961,33960,258
850,I,679219,34000,4551
851,P,683770,34040,369
852,P,684139,34080,736
853,P,684875,34120,420
854,P,685295,34160,517
855,P,685812,34200,430
856,P,686242,34240,450
857,P,686692,34280,491
858,P,687183,34320,449
859,P,687632,34360,469
860,P,688101,34400,497
861,P,688598,34440,478
862,P,689076,34480,489
863,P,689565,34520,595
864,P,690160,34560,444
865,P,690604,34600,503
866,P,691107,34640,499
867,P,691606,34680,562
868,P,692168,34720,505
869,P,692673,34760,520
870,P,693193,34800,583
871,P,693776,34840,593
872,P,694369,34880,511
873,P,694880,34920,536
874,P,695416,34960,497
875,P,695913,35000,503
876,P,696416,35040,576
877,P,696992,35080,562
878,P,697554,35120,572
879,P,698126,35160,585
880,P,698711,35200,708
881,P,699419,35240,640
882,P,700059,35280,557
883,P,700616,35320,534
884,P,701150,35360,495
885,P,701645,35400,481
886,P,702126,35440,364
887,P,702490,35480,384
888,P,702874,35520,380
889,P,703254,35560,2347
890,P,705601,35600,651
891,P,706252,35640,708
892,P,706960,35680,749
893,P,707709,35720,875
894,P,708584,35760,723
895,P,709307,35800,613
896,P,709920,35840,548
897,P,710468,35880,497
898,P,710965,35920,586
899,P,711551,35960,398
900,I,711949,36000,3565
901,P,715514,36040,459
902,P,715973,36080,524
903,P,716497,36120,748
904,P,717245,36160,634
905,P,717879,36200,564
906,P,718443,36240,652
907,P,719095,36280,612
908,P,719707,36320,993
909,P,720700,36360,638
910,P,721338,36400,643
911,P,721981,36440,661
912,P,722642,36480,612
913,P,723254,36520,913
914,P,724167,36560,571
915,P,724738,36600,717
916,P,725455,36640,617
917,P,726072,36680,598
918,P,726670,36720,904
919,P,727574,36760,560
920,P,728134,36800,592
921,P,728726,36840,499
922,P,729225,36880,4882
923,P,734107,36920,316
924,P,734423,36960,210
925,P,734633,37000,199
926,P,734832,37040,202
927,P,735034,37080,207
928,P,735241,37120,221
929,P,735462,37160,205
930,P,735667,37200,261
931,P,735928,37240,222
932,P,736150,37280,199
933,P,736349,37320,245
934,P,736594,37360,176
935,P,736770,37400,198
936,P,736968,37440,170
937,P,737138,37480,157
938,P,737295,37520,199
939,P,737494,37560,134
940,P,737628,37600,192
941,P,737820,37640,138
942,P,737958,37680,111
943,P,738069,37720,4201
944,P,742270,37760,165
945,P,742435,37800,224
946,P,742659,37840,251
947,P,742910,37880,322
948,P,743232,37920,171
949,P,743403,37960,137
950,I,743540,38000,6008
951,P,749548,38040,230
952,P,749778,38080,301
953,P,750079,38120,439
954,P,750518,38160,295
955,P,750813,38200,307
956,P,751120,38240,330
957,P,751450,38280,379
958,P,751829,38320,487
959,P,752316,38360,441
960,P,752757,38400,580
961,P,753337,38440,562
962,P,753899,38480,603
963,P,754502,38520,827
964,P,755329,38560,556
965,P,755885,38600,575
966,P,756460,38640,531
967,P,756991,38680,609
968,P,757600,38720,630
969,P,758230,38760,399
970,P,758629,38800,418
971,P,759047,38840,332
972,P,759379,38880,355
973,P,759734,38920,468
974,P,760202,38960,275
975,P,760477,39000,279
976,P,760756,39040,240
977,P,760996,39080,255
978,P,761251,39120,301
979,P,761552,39160,126
980,P,761678,39200,3552
981,P,765230,39240,223
982,P,765453,39280,273
983,P,765726,39320,256
984,P,765982,39360,287
985,P,766269,39400,332
986,P,766601,39440,265
987,P,766866,39480,339
988,P,767205,39520,298
989,P,767503,39560,290
990,P,767793,39600,226
991,P,768019,39640,280
992,P,768299,39680,221
993,P,768520,39720,154
994,P,768674,39760,176
995,P,768850,39800,228
996,P,769078,39840,171
997,P,769249,39880,164
998,P,769413,39920,134
999,P,769547,39960,145
1000,I,769692,40000,4330
1001,P,774022,40040,236
1002,P,774258,40080,240
1003,P,774498,40120,259
1004,P,774757,40160,331
1005,P,775088,40200,320
1006,P,775408,40240,343
1007,P,775751,40280,375
1008,P,776126,40320,350
1009,P,776476,40360,373
1010,P,776849,40400,380
1011,P,777229,40440,397
1012,P,777626,40480,642
1013,P,778268,40520,402
1014,P,778670,40560,443
1015,P,779113,40600,506
1016,P,779619,40640,488
1017,P,780107,40680,529
1018,P,780636,40720,468
1019,P,781104,40760,633
1020,P,781737,40800,597
1021,P,782334,40840,514
1022,P,782848,40880,550
1023,P,783398,40920,597
1024,P,783995,40960,589
1025,P,784584,41000,549
1026,P,785133,41040,548
1027,P,785681,41080,627
1028,P,786308,41120,556
1029,P,786864,41160,593
1030,P,787457,41200,645
1031,P,788102,41240,610
1032,P,788712,41280,623
1033,P,789335,41320,584
1034,P,789919,41360,603
1035,P,790522,41400,655
1036,P,791177,41440,622
1037,P,791799,41480,748
1038,P,792547,41520,695
1039,P,793242,41560,729
1040,P,793971,41600,772
1041,P,794743,41640,768
1042,P,795511,41680,826
1043,P,796337,41720,844
1044,P,797181,41760,821
1045,P,798002,41800,790
1046,P,798792,41840,738
1047,P,799530,41880,804
1048,P,800334,41920,673
1049,P,801007,41960,612
1050,I,801619,42000,4631
1051,P,806250,42040,707
1052,P,806957,42080,900
1053,P,807857,42120,866
1054,P,808723,42160,853
1055,P,809576,42200,935
1056,P,810511,42240,881
1057,P,811392,42280,853
1058,P,812245,42320,885
1059,P,813130,42360,795
1060,P,813925,42400,777
1061,P,814702,42440,804
1062,P,815506,42480,803
1063,P,816309,42520,886
1064,P,817195,42560,893
1065,P,818088,42600,886
1066,P,818974,42640,846
1067,P,819820,42680,691
1068,P,820511,42720,710
1069,P,821221,42760,577
1070,P,821798,42800,532
1071,P,822330,42840,379
1072,P,822709,42880,4654
1073,P,827363,42920,1066
1074,P,828429,42960,1027
1075,P,829456,43000,1066
1076,P,830522,43040,1330
1077,P,831852,43080,1014
1078,P,832866,43120,1443
1079,P,834309,43160,1202
1080,P,835511,43200,1268
1081,P,836779,43240,1396
1082,P,838175,43280,1157
1083,P,839332,43320,1347
1084,P,840679,43360,1031
1085,P,841710,43400,986
1086,P,842696,43440,1012
1087,P,843708,43480,731
1088,P,844439,43520,675
1089,P,845114,43560,505
1090,P,845619,43600,461
1091,P,846080,43640,515
1092,P,846595,43680,567
1093,P,847162,43720,621
1094,P,847783,43760,768
1095,P,848551,43800,700
1096,P,849251,43840,837
1097,P,850088,43880,827
1098,P,850915,43920,784
1099,P,851699,43960,933
1100,I,852632,44000,6119
1101,P,858751,44040,1266
1102,P,860017,44080,1181
1103,P,861198,44120,1129
1104,P,862327,44160,1436
1105,P,863763,44200,949
1106,P,864712,44240,1024
1107,P,865736,44280,501
1108,P,866237,44320,417
1109,P,866654,44360,556
1110,P,867210,44400,566
1111,P,867776,44440,763
1112,P,868539,44480,843
1113,P,869382,44520,954
1114,P,870336,44560,1125
1115,P,871461,44600,1068
1116,P,872529,44640,1453
1117,P,873982,44680,1194
1118,P,875176,44720,1256
1119,P,876432,44760,1452
1120,P,877884,44800,1196
1121,P,879080,44840,1256
1122,P,880336,44880,909
1123,P,881245,44920,863
1124,P,882108,44960,908
1125,P,883016,45000,502
1126,P,883518,45040,502
1127,P,884020,45080,498
1128,P,884518,45120,558
1129,P,885076,45160,730
1130,P,885806,45200,727
1131,P,886533,45240,835
1132,P,887368,45280,654
1133,P,888022,45320,644
1134,P,888666,45360,4735
1135,P,893401,45400,575
1136,P,893976,45440,802
1137,P,894778,45480,778
1138,P,895556,45520,1168
1139,P,896724,45560,808
1140,P,897532,45600,952
1141,P,898484,45640,880
1142,P,899364,45680,841
1143,P,900205,45720,1322
1144,P,901527,45760,920
1145,P,902447,45800,883
1146,P,903330,45840,894
1147,P,904224,45880,1049
1148,P,905273,45920,1017
1149,P,906290,45960,576
1150,I,906866,46000,7307
1151,P,914173,46040,734
1152,P,914907,46080,945
1153,P,915852,46120,1265
1154,P,917117,46160,682
1155,P,917799,46200,760
1156,P,918559,46240,568
1157,P,919127,46280,509
1158,P,919636,46320,312
1159,P,919948,46360,281
1160,P,920229,46400,421
1161,P,920650,46440,516
1162,P,921166,46480,547
1163,P,921713,46520,1058
1164,P,922771,46560,946
1165,P,923717,46600,1093
1166,P,924810,46640,1124
1167,P,925934,46680,1115
1168,P,927049,46720,1076
1169,P,928125,46760,1562
1170,P,929687,46800,1128
1171,P,930815,46840,1064
1172,P,931879,46880,974
1173,P,932853,46920,933
1174,P,933786,46960,1392
1175,P,935178,47000,926
1176,P,936104,47040,883
1177,P,936987,47080,790
1178,P,937777,47120,867
1179,P,938644,47160,1021
1180,P,939665,47200,593
1181,P,940258,47240,383
1182,P,940641,47280,316
1183,P,940957,47320,385
1184,P,941342,47360,663
1185,P,942005,47400,640
1186,P,942645,47440,723
1187,P,943368,47480,671
1188,P,944039,47520,672
1189,P,944711,47560,1149
1190,P,945860,47600,906
1191,P,946766,47640,968
1192,P,947734,47680,901
1193,P,948635,47720,926
1194,P,949561,47760,1455
1195,P,951016,47800,936
1196,P,951952,47840,964
1197,P,952916,47880,829
1198,P,953745,47920,779
1199,P,954524,47960,844
1200,I,955368,48000,7314
1201,P,962682,48040,515
1202,P,963197,48080,510
1203,P,963707,48120,362
1204,P,964069,48160,501
1205,P,964570,48200,425
1206,P,964995,48240,603
1207,P,965598,48280,713
1208,P,966311,48320,784
1209,P,967095,48360,1400
1210,P,968495,48400,995
1211,P,969490,48440,1064
1212,P,970554,48480,901
1213,P,971455,48520,830
1214,P,972285,48560,1164
1215,P,973449,48600,633
1216,P,974082,48640,605
1217,P,974687,48680,3883
1218,P,978570,48720,332
1219,P,978902,48760,356
1220,P,979258,48800,370
1221,P,979628,48840,352
1222,P,979980,48880,411
1223,P,980391,48920,357
1224,P,980748,48960,363
1225,P,981111,49000,320
1226,P,981431,49040,345
1227,P,981776,49080,489
1228,P,982265,49120,284
1229,P,982549,49160,301
1230,P,982850,49200,374
1231,P,983224,49240,315
1232,P,983539,49280,489
1233,P,984028,49320,314
1234,P,984342,49360,349
1235,P,984691,49400,346
1236,P,985037,49440,339
1237,P,985376,49480,487
1238,P,985863,49520,364
1239,P,986227,49560,359
1240,P,986586,49600,397
1241,P,986983,49640,333
1242,P,987316,49680,492
1243,P,987808,49720,360
1244,P,988168,49760,329
1245,P,988497,49800,354
1246,P,988851,49840,318
1247,P,989169,49880,446
1248,P,989615,49920,381
1249,P,989996,49960,369
1250,I,990365,50000,3961
1251,P,994326,50040,605
1252,P,994931,50080,755
1253,P,995686,50120,502
1254,P,996188,50160,561
1255,P,996749,50200,375
1256,P,997124,50240,321
1257,P,997445,50280,448
1258,P,997893,50320,3843
1259,P,1001736,50360,749
1260,P,1002485,50400,950
1261,P,1003435,50440,957
1262,P,1004392,50480,973
1263,P,1005365,50520,1412
1264,P,1006777,50560,1064
1265,P,1007841,50600,1031
1266,P,1008872,50640,974
1267,P,1009846,50680,1008
1268,P,1010854,50720,1411
1269,P,1012265,50760,1059
1270,P,1013324,50800,968
1271,P,1014292,50840,1062
1272,P,1015354,50880,958
1273,P,1016312,50920,1411
1274,P,1017723,50960,959
1275,P,1018682,51000,898
1276,P,1019580,51040,960
1277,P,1020540,51080,970
1278,P,1021510,51120,911
1279,P,1022421,51160,1343
1280,P,1023764,51200,1112
1281,P,1024876,51240,1024
1282,P,1025900,51280,1013
1283,P,1026913,51320,1032
1284,P,1027945,51360,1453
1285,P,1029398,51400,1112
1286,P,1030510,51440,1117
1287,P,1031627,51480,1107
1288,P,1032734,51520,1102
1289,P,1033836,51560,1572
1290,P,1035408,51600,1078
1291,P,1036486,51640,1103
1292,P,1037589,51680,1297
1293,P,1038886,51720,974
1294,P,1039860,51760,1604
1295,P,1041464,51800,935
1296,P,1042399,51840,844
1297,P,1043243,51880,689
1298,P,1043932,51920,578
1299,P,1044510,51960,821
1300,I,1045331,52000,5019
1301,P,1050350,52040,510
1302,P,1050860,52080,690
1303,P,1051550,52120,664
1304,P,1052214,52160,884
1305,P,1053098,52200,6590
1306,P,1059688,52240,792
1307,P,1060480,52280,801
1308,P,1061281,52320,921
1309,P,1062202,52360,1125
1310,P,1063327,52400,775
1311,P,1064102,52440,567
1312,P,1064669,52480,573
1313,P,1065242,52520,732
1314,P,1065974,52560,885
1315,P,1066859,52600,791
1316,P,1067650,52640,524
1317,P,1068174,52680,722
1318,P,1068896,52720,650
1319,P,1069546,52760,965
1320,P,1070511,52800,1069
1321,P,1071580,52840,749
1322,P,1072329,52880,628
1323,P,1072957,52920,661
1324,P,1073618,52960,509
1325,P,1074127,53000,914
1326,P,1075041,53040,761
1327,P,1075802,53080,795
1328,P,1076597,53120,905
1329,P,1077502,53160,1006
1330,P,1078508,53200,1193
1331,P,1079701,53240,957
1332,P,1080658,53280,1052
1333,P,1081710,53320,1115
1334,P,1082825,53360,1327
1335,P,1084152,53400,1706
1336,P,1085858,53440,1178
1337,P,1087036,53480,1183
1338,P,1088219,53520,906
1339,P,1089125,53560,977
1340,P,1090102,53600,1586
1341,P,1091688,53640,1087
1342,P,1092775,53680,1239
1343,P,1094014,53720,806
1344,P,1094820,53760,750
1345,P,1095570,53800,1039
1346,P,1096609,53840,902
1347,P,1097511,53880,838
1348,P,1098349,53920,642
1349,P,1098991,53960,604
1350,I,1099595,54000,3426
1351,P,1103021,54040,711
1352,P,1103732,54080,694
1353,P,1104426,54120,494
1354,P,1104920,54160,80
1355,P,1105000,54200,762
1356,P,1105762,54240,823
1357,P,1106585,54280,891
1358,P,1107476,54320,814
1359,P,1108290,54360,753
1360,P,1109043,54400,738
1361,P,1109781,54440,671
1362,P,1110452,54480,647
1363,P,1111099,54520,654
1364,P,1111753,54560,587
1365,P,1112340,54600,687
1366,P,1113027,54640,700
1367,P,1113727,54680,697
1368,P,1114424,54720,740
1369,P,1115164,54760,893
1370,P,1116057,54800,1148
1371,P,1117205,54840,941
1372,P,1118146,54880,987
1373,P,1119133,54920,989
1374,P,1120122,54960,1106
1375,P,1121228,55000,1390
1376,P,1122618,55040,944
1377,P,1123562,55080,1095
1378,P,1124657,55120,1250
1379,P,1125907,55160,1221
1380,P,1127128,55200,1263
1381,P,1128391,55240,780
1382,P,1129171,55280,680
1383,P,1129851,55320,396
1384,P,1130247,55360,478
1385,P,1130725,55400,937
1386,P,1131662,55440,707
1387,P,1132369,55480,834
1388,P,1133203,55520,707
1389,P,1133910,55560,745
1390,P,1134655,55600,1148
1391,P,1135803,55640,864
1392,P,1136667,55680,878
1393,P,1137545,55720,869
1394,P,1138414,55760,817
1395,P,1139231,55800,1030
1396,P,1140261,55840,619
1397,P,1140880,55880,543
1398,P,1141423,55920,453
1399,P,1141876,55960,383
1400,I,1142259,56000,5346
1401,P,1147605,56040,353
1402,P,1147958,56080,551
1403,P,1148509,56120,556
1404,P,1149065,56160,530
1405,P,1149595,56200,786
1406,P,1150381,56240,645
1407,P,1151026,56280,615
1408,P,1151641,56320,709
1409,P,1152350,56360,625
1410,P,1152975,56400,970
1411,P,1153945,56440,623
1412,P,1154568,56480,697
1413,P,1155265,56520,647
1414,P,1155912,56560,629
1415,P,1156541,56600,966
1416,P,1157507,56640,597
1417,P,1158104,56680,667
1418,P,1158771,56720,596
1419,P,1159367,56760,575
1420,P,1159942,56800,722
1421,P,1160664,56840,363
1422,P,1161027,56880,308
1423,P,1161335,56920,276
1424,P,1161611,56960,171
1425,P,1161782,57000,305
1426,P,1162087,57040,4126
1427,P,1166213,57080,69
1428,P,1166282,57120,62
1429,P,1166344,57160,122
1430,P,1166466,57200,184
1431,P,1166650,57240,151
1432,P,1166801,57280,298
1433,P,1167099,57320,189
1434,P,1167288,57360,42
1435,P,1167330,57400,182
1436,P,1167512,57440,265
1437,P,1167777,57480,366
1438,P,1168143,57520,455
1439,P,1168598,57560,528
1440,P,1169126,57600,575
1441,P,1169701,57640,597
1442,P,1170298,57680,39
1443,P,1170337,57720,505
1444,P,1170842,57760,469
1445,P,1171311,57800,386
1446,P,1171697,57840,293
1447,P,1171990,57880,262
1448,P,1172252,57920,262
1449,P,1172514,57960,236
1450,I,1172750,58000,4724
1451,P,1177474,58040,381
1452,P,1177855,58080,427
1453,P,1178282,58120,480
1454,P,1178762,58160,491
1455,P,1179253,58200,521
1456,P,1179774,58240,488
1457,P,1180262,58280,449
1458,P,1180711,58320,70
1459,P,1180781,58360,441
1460,P,1181222,58400,369
1461,P,1181591,58440,355
1462,P,1181946,58480,2803
1463,P,1184749,58520,604
1464,P,1185353,58560,764
1465,P,1186117,58600,879
1466,P,1186996,58640,46
1467,P,1187042,58680,993
1468,P,1188035,58720,968
1469,P,1189003,58760,961
1470,P,1189964,58800,1004
1471,P,1190968,58840,785
1472,P,1191753,58880,1227
1473,P,1192980,58920,868
1474,P,1193848,58960,41
1475,P,1193889,59000,753
1476,P,1194642,59040,1052
1477,P,1195694,59080,942
1478,P,1196636,59120,1050
1479,P,1197686,59160,894
1480,P,1198580,59200,941
1481,P,1199521,59240,903
1482,P,1200424,59280,40
1483,P,1200464,59320,622
1484,P,1201086,59360,773
1485,P,1201859,59400,609
1486,P,1202468,59440,601
1487,P,1203069,59480,685
1488,P,1203754,59520,483
1489,P,1204237,59560,655
1490,P,1204892,59600,80
1491,P,1204972,59640,506
1492,P,1205478,59680,631
1493,P,1206109,59720,768
1494,P,1206877,59760,759
1495,P,1207636,59800,837
1496,P,1208473,59840,631
1497,P,1209104,59880,472
1498,P,1209576,59920,36
1499,P,1209612,59960,380
1500,I,1209992,60000,5442
1501,P,1215434,60040,706
1502,P,1216140,60080,746
1503,P,1216886,60120,784
1504,P,1217670,60160,74
1505,P,1217744,60200,58
1506,P,1217802,60240,848
1507,P,1218650,60280,67
1508,P,1218717,60320,687
1509,P,1219404,60360,58
1510,P,1219462,60400,678
1511,P,1220140,60440,43
1512,P,1220183,60480,34
1513,P,1220217,60520,415
1514,P,1220632,60560,38
1515,P,1220670,60600,440
1516,P,1221110,60640,37
1517,P,1221147,60680,621
1518,P,1221768,60720,44
1519,P,1221812,60760,40
1520,P,1221852,60800,600
1521,P,1222452,60840,79
1522,P,1222531,60880,581
1523,P,1223112,60920,39
1524,P,1223151,60960,409
1525,P,1223560,61000,35
1526,P,1223595,61040,4298
1527,P,1227893,61080,1007
1528,P,1228900,61120,996
1529,P,1229896,61160,1015
1530,P,1230911,61200,1278
1531,P,1232189,61240,962
1532,P,1233151,61280,1994
1533,P,1235145,61320,1108
1534,P,1236253,61360,1178
1535,P,1237431,61400,1499
1536,P,1238930,61440,992
1537,P,1239922,61480,1367
1538,P,1241289,61520,1023
1539,P,1242312,61560,966
1540,P,1243278,61600,1153
1541,P,1244431,61640,668
1542,P,1245099,61680,613
1543,P,1245712,61720,488
1544,P,1246200,61760,424
1545,P,1246624,61800,473
1546,P,1247097,61840,503
1547,P,1247600,61880,494
1548,P,1248094,61920,589
1549,P,1248683,61960,514
1550,I,1249197,62000,5970
1551,P,1255167,62040,897
1552,P,1256064,62080,1175
1553,P,1257239,62120,1474
1554,P,1258713,62160,1121
1555,P,1259834,62200,1513
1556,P,1261347,62240,1266
1557,P,1262613,62280,1170
1558,P,1263783,62320,1437
1559,P,1265220,62360,979
1560,P,1266199,62400,1084
1561,P,1267283,62440,531
1562,P,1267814,62480,317
1563,P,1268131,62520,539
1564,P,1268670,62560,587
1565,P,1269257,62600,822
1566,P,1270079,62640,854
1567,P,1270933,62680,933
1568,P,1271866,62720,1091
1569,P,1272957,62760,1053
1570,P,1274010,62800,1472
1571,P,1275482,62840,1230
1572,P,1276712,62880,1258
1573,P,1277970,62920,1370
1574,P,1279340,62960,1123
1575,P,1280463,63000,1262
1576,P,1281725,63040,910
1577,P,1282635,63080,858
1578,P,1283493,63120,853
1579,P,1284346,63160,541
1580,P,1284887,63200,582
1581,P,1285469,63240,486
1582,P,1285955,63280,549
1583,P,1286504,63320,754
1584,P,1287258,63360,720
1585,P,1287978,63400,828
1586,P,1288806,63440,653
1587,P,1289459,63480,705
1588,P,1290164,63520,4694
1589,P,1294858,63560,598
1590,P,1295456,63600,779
1591,P,1296235,63640,792
1592,P,1297027,63680,1097
1593,P,1298124,63720,797
1594,P,1298921,63760,847
1595,P,1299768,63800,868
1596,P,1300636,63840,765
1597,P,1301401,63880,1134
1598,P,1302535,63920,606
1599,P,1303141,63960,680
1600,I,1303821,64000,6947
1601,P,1310768,64040,822
1602,P,1311590,64080,1519
1603,P,1313109,64120,1548
1604,P,1314657,64160,1044
1605,P,1315701,64200,1124
1606,P,1316825,64240,920
1607,P,1317745,64280,1486
1608,P,1319231,64320,767
1609,P,1319998,64360,794
1610,P,1320792,64400,560
1611,P,1321352,64440,469
1612,P,1321821,64480,337
1613,P,1322158,64520,257
1614,P,1322415,64560,342
1615,P,1322757,64600,532
1616,P,1323289,64640,563
1617,P,1323852,64680,977
1618,P,1324829,64720,1013
1619,P,1325842,64760,1112
1620,P,1326954,64800,1303
1621,P,1328257,64840,1099
1622,P,1329356,64880,1147
1623,P,1330503,64920,1572
1624,P,1332075,64960,1121
1625,P,1333196,65000,1060
1626,P,1334256,65040,1022
1627,P,1335278,65080,970
1628,P,1336248,65120,1376
1629,P,1337624,65160,873
1630,P,1338497,65200,948
1631,P,1339445,65240,886
1632,P,1340331,65280,889
1633,P,1341220,65320,964
1634,P,1342184,65360,604
1635,P,1342788,65400,385
1636,P,1343173,65440,325
1637,P,1343498,65480,430
1638,P,1343928,65520,664
1639,P,1344592,65560,608
1640,P,1345200,65600,717
1641,P,1345917,65640,643
1642,P,1346560,65680,655
1643,P,1347215,65720,1102
1644,P,1348317,65760,876
1645,P,1349193,65800,837
1646,P,1350030,65840,818
1647,P,1350848,65880,759
1648,P,1351607,65920,1166
1649,P,1352773,65960,661
1650,I,1353434,66000,6896
1651,P,1360330,66040,944
1652,P,1361274,66080,1172
1653,P,1362446,66120,1539
1654,P,1363985,66160,910
1655,P,1364895,66200,851
1656,P,1365746,66240,591
1657,P,1366337,66280,390
1658,P,1366727,66320,511
1659,P,1367238,66360,403
1660,P,1367641,66400,518
1661,P,1368159,66440,635
1662,P,1368794,66480,649
1663,P,1369443,66520,932
1664,P,1370375,66560,866
1665,P,1371241,66600,1032
1666,P,1372273,66640,973
1667,P,1373246,66680,874
1668,P,1374120,66720,1288
1669,P,1375408,66760,770
1670,P,1376178,66800,688
1671,P,1376866,66840,539
1672,P,1377405,66880,2964
1673,P,1380369,66920,1411
1674,P,1381780,66960,1163
1675,P,1382943,67000,1222
1676,P,1384165,67040,1162
1677,P,1385327,67080,1402
1678,P,1386729,67120,1843
1679,P,1388572,67160,1383
1680,P,1389955,67200,1455
1681,P,1391410,67240,1215
1682,P,1392625,67280,1175
1683,P,1393800,67320,1663
1684,P,1395463,67360,1247
1685,P,1396710,67400,1253
1686,P,1397963,67440,1227
1687,P,1399190,67480,1100
1688,P,1400290,67520,1411
1689,P,1401701,67560,1374
1690,P,1403075,67600,1400
1691,P,1404475,67640,1372
1692,P,1405847,67680,1301
1693,P,1407148,67720,1713
1694,P,1408861,67760,1427
1695,P,1410288,67800,1509
1696,P,1411797,67840,1530
1697,P,1413327,67880,1485
1698,P,1414812,67920,1753
1699,P,1416565,67960,1399
1700,I,1417964,68000,4286
1701,P,1422250,68040,1321
1702,P,1423571,68080,1328
1703,P,1424899,68120,1828
1704,P,1426727,68160,1463
1705,P,1428190,68200,1517
1706,P,1429707,68240,1488
1707,P,1431195,68280,1612
1708,P,1432807,68320,2111
1709,P,1434918,68360,1548
1710,P,1436466,68400,1555
1711,P,1438021,68440,1511
1712,P,1439532,68480,1363
1713,P,1440895,68520,1717
1714,P,1442612,68560,1303
1715,P,1443915,68600,1326
1716,P,1445241,68640,1310
1717,P,1446551,68680,1155
1718,P,1447706,68720,4011
1719,P,1451717,68760,1381
1720,P,1453098,68800,1447
1721,P,1454545,68840,1466
1722,P,1456011,68880,1443
1723,P,1457454,68920,1860
1724,P,1459314,68960,1352
1725,P,1460666,69000,1273
1726,P,1461939,69040,1284
1727,P,1463223,69080,1100
1728,P,1464323,69120,1403
1729,P,1465726,69160,1167
1730,P,1466893,69200,1296
1731,P,1468189,69240,1329
1732,P,1469518,69280,1371
1733,P,1470889,69320,1732
1734,P,1472621,69360,1412
1735,P,1474033,69400,1463
1736,P,1475496,69440,1312
1737,P,1476808,69480,1417
1738,P,1478225,69520,1671
1739,P,1479896,69560,1195
1740,P,1481091,69600,1282
1741,P,1482373,69640,1076
1742,P,1483449,69680,705
1743,P,1484154,69720,931
1744,P,1485085,69760,1079
1745,P,1486164,69800,1181
1746,P,1487345,69840,1169
1747,P,1488514,69880,981
1748,P,1489495,69920,1296
1749,P,1490791,69960,854
1750,I,1491645,70000,5528
1751,P,1497173,70040,1101
1752,P,1498274,70080,1380
1753,P,1499654,70120,1828
1754,P,1501482,70160,1271
1755,P,1502753,70200,1273
1756,P,1504026,70240,1236
1757,P,1505262,70280,1191
1758,P,1506453,70320,1206
1759,P,1507659,70360,883
1760,P,1508542,70400,1149
1761,P,1509691,70440,1128
1762,P,1510819,70480,1205
1763,P,1512024,70520,1492
1764,P,1513516,70560,1204
1765,P,1514720,70600,1205
1766,P,1515925,70640,1261
1767,P,1517186,70680,1180
1768,P,1518366,70720,1587
1769,P,1519953,70760,1174
1770,P,1521127,70800,1259
1771,P,1522386,70840,1219
1772,P,1523605,70880,1152
1773,P,1524757,70920,1271
1774,P,1526028,70960,914
1775,P,1526942,71000,996
1776,P,1527938,71040,1074
1777,P,1529012,71080,1069
1778,P,1530081,71120,1512
1779,P,1531593,71160,775
1780,P,1532368,71200,763
1781,P,1533131,71240,3603
1782,P,1536734,71280,998
1783,P,1537732,71320,2070
1784,P,1539802,71360,1484
1785,P,1541286,71400,1577
1786,P,1542863,71440,1571
1787,P,1544434,71480,1417
1788,P,1545851,71520,1364
1789,P,1547215,71560,878
1790,P,1548093,71600,738
1791,P,1548831,71640,672
1792,P,1549503,71680,782
1793,P,1550285,71720,876
1794,P,1551161,71760,615
1795,P,1551776,71800,728
1796,P,1552504,71840,800
1797,P,1553304,71880,949
1798,P,1554253,71920,1203
1799,P,1555456,71960,750
1800,I,1556206,72000,5207
1801,P,1561413,72040,1055
1802,P,1562468,72080,1250
1803,P,1563718,72120,1645
1804,P,1565363,72160,895
1805,P,1566258,72200,834
1806,P,1567092,72240,982
1807,P,1568074,72280,897
1808,P,1568971,72320,989
1809,P,1569960,72360,690
1810,P,1570650,72400,942
1811,P,1571592,72440,1038
1812,P,1572630,72480,1166
1813,P,1573796,72520,1949
1814,P,1575745,72560,1538
1815,P,1577283,72600,1467
1816,P,1578750,72640,1429
1817,P,1580179,72680,1279
1818,P,1581458,72720,1222
1819,P,1582680,72760,787
1820,P,1583467,72800,940
1821,P,1584407,72840,870
1822,P,1585277,72880,821
1823,P,1586098,72920,1049
1824,P,1587147,72960,1051
1825,P,1588198,73000,1124
1826,P,1589322,73040,1166
1827,P,1590488,73080,1247
1828,P,1591735,73120,1567
1829,P,1593302,73160,1218
1830,P,1594520,73200,1265
1831,P,1595785,73240,1205
1832,P,1596990,73280,1096
1833,P,1598086,73320,1002
1834,P,1599088,73360,861
1835,P,1599949,73400,888
1836,P,1600837,73440,921
1837,P,1601758,73480,682
1838,P,1602440,73520,910
1839,P,1603350,73560,724
1840,P,1604074,73600,973
1841,P,1605047,73640,714
1842,P,1605761,73680,92
1843,P,1605853,73720,445
1844,P,1606298,73760,532
1845,P,1606830,73800,589
1846,P,1607419,73840,424
1847,P,1607843,73880,429
1848,P,1608272,73920,380
1849,P,1608652,73960,320
1850,I,1608972,74000,3614
1851,P,1612586,74040,326
1852,P,1612912,74080,589
1853,P,1613501,74120,754
1854,P,1614255,74160,632
1855,P,1614887,74200,712
1856,P,1615599,74240,743
1857,P,1616342,74280,802
1858,P,1617144,74320,841
1859,P,1617985,74360,732
1860,P,1618717,74400,826
1861,P,1619543,74440,896
1862,P,1620439,74480,910
1863,P,1621349,74520,930
1864,P,1622279,74560,801
1865,P,1623080,74600,723
1866,P,1623803,74640,885
1867,P,1624688,74680,884
1868,P,1625572,74720,283
1869,P,1625855,74760,218
1870,P,1626073,74800,285
1871,P,1626358,74840,191
1872,P,1626549,74880,202
1873,P,1626751,74920,139
1874,P,1626890,74960,110
1875,P,1627000,75000,106
1876,P,1627106,75040,137
1877,P,1627243,75080,83
1878,P,1627326,75120,48
1879,P,1627374,75160,104
1880,P,1627478,75200,164
1881,P,1627642,75240,141
1882,P,1627783,75280,190
1883,P,1627973,75320,340
1884,P,1628313,75360,210
1885,P,1628523,75400,280
1886,P,1628803,75440,265
1887,P,1629068,75480,270
1888,P,1629338,75520,399
1889,P,1629737,75560,294
1890,P,1630031,75600,342
1891,P,1630373,75640,262
1892,P,1630635,75680,228
1893,P,1630863,75720,305
1894,P,1631168,75760,237
1895,P,1631405,75800,265
1896,P,1631670,75840,255
1897,P,1631925,75880,223
1898,P,1632148,75920,195
1899,P,1632343,75960,207
1900,I,1632550,76000,6119
1901,P,1638669,76040,235
1902,P,1638904,76080,270
1903,P,1639174,76120,312
1904,P,1639486,76160,433
1905,P,1639919,76200,315
1906,P,1640234,76240,278
1907,P,1640512,76280,315
1908,P,1640827,76320,331
1909,P,1641158,76360,548
1910,P,1641706,76400,401
1911,P,1642107,76440,365
1912,P,1642472,76480,164
1913,P,1642636,76520,204
1914,P,1642840,76560,289
1915,P,1643129,76600,185
1916,P,1643314,76640,202
1917,P,1643516,76680,175
1918,P,1643691,76720,177
1919,P,1643868,76760,295
1920,P,1644163,76800,308
1921,P,1644471,76840,288
1922,P,1644759,76880,321
1923,P,1645080,76920,448
1924,P,1645528,76960,527
1925,P,1646055,77000,467
1926,P,1646522,77040,342
1927,P,1646864,77080,432
1928,P,1647296,77120,387
1929,P,1647683,77160,628
1930,P,1648311,77200,568
1931,P,1648879,77240,424
1932,P,1649303,77280,347
1933,P,1649650,77320,296
1934,P,1649946,77360,351
1935,P,1650297,77400,260
1936,P,1650557,77440,247
1937,P,1650804,77480,256
1938,P,1651060,77520,287
1939,P,1651347,77560,273
1940,P,1651620,77600,230
1941,P,1651850,77640,214
1942,P,1652064,77680,218
1943,P,1652282,77720,271
1944,P,1652553,77760,342
1945,P,1652895,77800,263
1946,P,1653158,77840,211
1947,P,1653369,77880,185
1948,P,1653554,77920,190
1949,P,1653744,77960,248
1950,I,1653992,78000,4569
1951,P,1658561,78040,221
1952,P,1658782,78080,294
1953,P,1659076,78120,516
1954,P,1659592,78160,434
1955,P,1660026,78200,243
1956,P,1660269,78240,344
1957,P,1660613,78280,288
1958,P,1660901,78320,291
1959,P,1661192,78360,465
1960,P,1661657,78400,325
1961,P,1661982,78440,318
1962,P,1662300,78480,306
1963,P,1662606,78520,304
1964,P,1662910,78560,432
1965,P,1663342,78600,271
1966,P,1663613,78640,279
1967,P,1663892,78680,257
1968,P,1664149,78720,191
1969,P,1664340,78760,329
1970,P,1664669,78800,171
1971,P,1664840,78840,164
1972,P,1665004,78880,104
1973,P,1665108,78920,109
1974,P,1665217,78960,147
1975,P,1665364,79000,3882
1976,P,1669246,79040,541
1977,P,1669787,79080,631
1978,P,1670418,79120,741
1979,P,1671159,79160,920
1980,P,1672079,79200,702
1981,P,1672781,79240,708
1982,P,1673489,79280,718
1983,P,1674207,79320,715
1984,P,1674922,79360,905
1985,P,1675827,79400,604
1986,P,1676431,79440,594
1987,P,1677025,79480,556
1988,P,1677581,79520,569
1989,P,1678150,79560,687
1990,P,1678837,79600,418
1991,P,1679255,79640,346
1992,P,1679601,79680,239
1993,P,1679840,79720,817
1994,P,1680657,79760,1172
1995,P,1681829,79800,1138
1996,P,1682967,79840,1144
1997,P,1684111,79880,870
1998,P,1684981,79920,622
1999,P,1685603,79960,837
2000,I,1686440,80000,5217
2001,P,1691657,80040,616
2002,P,1692273,80080,637
2003,P,1692910,80120,707
2004,P,1693617,80160,1294
2005,P,1694911,80200,696
2006,P,1695607,80240,686
2007,P,1696293,80280,665
2008,P,1696958,80320,566
2009,P,1697524,80360,652
2010,P,1698176,80400,458
2011,P,1698634,80440,482
2012,P,1699116,80480,517
2013,P,1699633,80520,515
2014,P,1700148,80560,568
2015,P,1700716,80600,400
2016,P,1701116,80640,5003
2017,P,1706119,80680,248
2018,P,1706367,80720,354
2019,P,1706721,80760,344
2020,P,1707065,80800,373
2021,P,1707438,80840,431
2022,P,1707869,80880,429
2023,P,1708298,80920,390
2024,P,1708688,80960,421
2025,P,1709109,81000,352
2026,P,1709461,81040,396
2027,P,1709857,81080,450
2028,P,1710307,81120,415
2029,P,1710722,81160,498
2030,P,1711220,81200,569
2031,P,1711789,81240,591
2032,P,1712380,81280,418
2033,P,1712798,81320,445
2034,P,1713243,81360,563
2035,P,1713806,81400,502
2036,P,1714308,81440,517
2037,P,1714825,81480,488
2038,P,1715313,81520,348
2039,P,1715661,81560,262
2040,P,1715923,81600,343
2041,P,1716266,81640,321
2042,P,1716587,81680,312
2043,P,1716899,81720,336
2044,P,1717235,81760,319
2045,P,1717554,81800,284
2046,P,1717838,81840,261
2047,P,1718099,81880,255
2048,P,1718354,81920,197
2049,P,1718551,81960,187
2050,I,1718738,82000,5831
2051,P,1724569,82040,1947
2052,P,1726516,82080,69
2053,P,1726585,82120,601
2054,P,1727186,82160,83
2055,P,1727269,82200,668
2056,P,1727937,82240,72
2057,P,1728009,82280,555
2058,P,1728564,82320,77
2059,P,1728641,82360,74
2060,P,1728715,82400,586
2061,P,1729301,82440,62
2062,P,1729363,82480,694
2063,P,1730057,82520,44
2064,P,1730101,82560,634
2065,P,1730735,82600,59
2066,P,1730794,82640,601
2067,P,1731395,82680,39
2068,P,1731434,82720,581
2069,P,1732015,82760,44
2070,P,1732059,82800,456
2071,P,1732515,82840,47
2072,P,1732562,82880,341
2073,P,1732903,82920,41
2074,P,1732944,82960,351
2075,P,1733295,83000,40
2076,P,1733335,83040,40
2077,P,1733375,83080,383
2078,P,1733758,83120,41
2079,P,1733799,83160,413
2080,P,1734212,83200,68
2081,P,1734280,83240,463
2082,P,1734743,83280,33
2083,P,1734776,83320,388
2084,P,1735164,83360,32
2085,P,1735196,83400,323
2086,P,1735519,83440,38
2087,P,1735557,83480,302
2088,P,1735859,83520,33
2089,P,1735892,83560,270
2090,P,1736162,83600,64
2091,P,1736226,83640,223
2092,P,1736449,83680,33
2093,P,1736482,83720,3762
2094,P,1740244,83760,127
2095,P,1740371,83800,298
2096,P,1740669,83840,224
2097,P,1740893,83880,251
2098,P,1741144,83920,202
2099,P,1741346,83960,134
2100,I,1741480,84000,6180
2101,P,1747660,84040,195
2102,P,1747855,84080,221
2103,P,1748076,84120,242
2104,P,1748318,84160,264
2105,P,1748582,84200,513
2106,P,1749095,84240,269
2107,P,1749364,84280,385
2108,P,1749749,84320,372
2109,P,1750121,84360,316
2110,P,1750437,84400,382
2111,P,1750819,84440,268
2112,P,1751087,84480,250
2113,P,1751337,84520,298
2114,P,1751635,84560,287
2115,P,1751922,84600,297
2116,P,1752219,84640,293
2117,P,1752512,84680,331
2118,P,1752843,84720,324
2119,P,1753167,84760,412
2120,P,1753579,84800,564
2121,P,1754143,84840,418
2122,P,1754561,84880,387
2123,P,1754948,84920,312
2124,P,1755260,84960,262
2125,P,1755522,85000,451
2126,P,1755973,85040,239
2127,P,1756212,85080,114
2128,P,1756326,85120,145
2129,P,1756471,85160,160
2130,P,1756631,85200,5136
2131,P,1761767,85240,399
2132,P,1762166,85280,235
2133,P,1762401,85320,264
2134,P,1762665,85360,303
2135,P,1762968,85400,492
2136,P,1763460,85440,322
2137,P,1763782,85480,430
2138,P,1764212,85520,389
2139,P,1764601,85560,509
2140,P,1765110,85600,571
2141,P,1765681,85640,293
2142,P,1765974,85680,355
2143,P,1766329,85720,491
2144,P,1766820,85760,458
2145,P,1767278,85800,343
2146,P,1767621,85840,298
2147,P,1767919,85880,428
2148,P,1768347,85920,266
2149,P,1768613,85960,354
2150,I,1768967,86000,6270
2151,P,1775237,86040,471
2152,P,1775708,86080,359
2153,P,1776067,86120,542
2154,P,1776609,86160,426
2155,P,1777035,86200,569
2156,P,1777604,86240,708
2157,P,1778312,86280,370
2158,P,1778682,86320,606
2159,P,1779288,86360,632
2160,P,1779920,86400,444
2161,P,1780364,86440,411
2162,P,1780775,86480,592
2163,P,1781367,86520,731
2164,P,1782098,86560,568
2165,P,1782666,86600,539
2166,P,1783205,86640,502
2167,P,1783707,86680,810
2168,P,1784517,86720,457
2169,P,1784974,86760,4023
2170,P,1788997,86800,661
2171,P,1789658,86840,918
2172,P,1790576,86880,850
2173,P,1791426,86920,518
2174,P,1791944,86960,528
2175,P,1792472,87000,478
2176,P,1792950,87040,851
2177,P,1793801,87080,473
2178,P,1794274,87120,572
2179,P,1794846,87160,531
2180,P,1795377,87200,800
2181,P,1796177,87240,723
2182,P,1796900,87280,569
2183,P,1797469,87320,577
2184,P,1798046,87360,772
2185,P,1798818,87400,829
2186,P,1799647,87440,584
2187,P,1800231,87480,583
2188,P,1800814,87520,824
2189,P,1801638,87560,485
2190,P,1802123,87600,710
2191,P,1802833,87640,489
2192,P,1803322,87680,693
2193,P,1804015,87720,438
2194,P,1804453,87760,714
2195,P,1805167,87800,447
2196,P,1805614,87840,616
2197,P,1806230,87880,400
2198,P,1806630,87920,2683
2199,P,1809313,87960,167
2200,I,1809480,88000,6393
2201,P,1815873,88040,228
2202,P,1816101,88080,238
2203,P,1816339,88120,65
2204,P,1816404,88160,281
2205,P,1816685,88200,519
2206,P,1817204,88240,73
2207,P,1817277,88280,300
2208,P,1817577,88320,357
2209,P,1817934,88360,426
2210,P,1818360,88400,72
2211,P,1818432,88440,315
2212,P,1818747,88480,421
2213,P,1819168,88520,42
2214,P,1819210,88560,300
2215,P,1819510,88600,282
2216,P,1819792,88640,352
2217,P,1820144,88680,43
2218,P,1820187,88720,278
2219,P,1820465,88760,364
2220,P,1820829,88800,49
2221,P,1820878,88840,299
2222,P,1821177,88880,329
2223,P,1821506,88920,35
2224,P,1821541,88960,332
2225,P,1821873,89000,404
2226,P,1822277,89040,539
2227,P,1822816,89080,33
2228,P,1822849,89120,374
2229,P,1823223,89160,341
2230,P,1823564,89200,62
2231,P,1823626,89240,198
2232,P,1823824,89280,2861
2233,P,1826685,89320,803
2234,P,1827488,89360,869
2235,P,1828357,89400,587
2236,P,1828944,89440,588
2237,P,1829532,89480,780
2238,P,1830312,89520,804
2239,P,1831116,89560,477
2240,P,1831593,89600,507
2241,P,1832100,89640,485
2242,P,1832585,89680,864
2243,P,1833449,89720,454
2244,P,1833903,89760,517
2245,P,1834420,89800,485
2246,P,1834905,89840,764
2247,P,1835669,89880,380
2248,P,1836049,89920,341
2249,P,1836390,89960,322
2250,I,1836712,90000,5316
2251,P,1842028,90040,717
2252,P,1842745,90080,415
2253,P,1843160,90120,648
2254,P,1843808,90160,461
2255,P,1844269,90200,643
2256,P,1844912,90240,633
2257,P,1845545,90280,453
2258,P,1845998,90320,456
2259,P,1846454,90360,591
2260,P,1847045,90400,570
2261,P,1847615,90440,429
2262,P,1848044,90480,424
2263,P,1848468,90520,609
2264,P,1849077,90560,390
2265,P,1849467,90600,652
2266,P,1850119,90640,411
2267,P,1850530,90680,630
2268,P,1851160,90720,419
2269,P,1851579,90760,640
2270,P,1852219,90800,505
2271,P,1852724,90840,546
2272,P,1853270,90880,399
2273,P,1853669,90920,423
2274,P,1854092,90960,527
2275,P,1854619,91000,489
2276,P,1855108,91040,286
2277,P,1855394,91080,294
2278,P,1855688,91120,351
2279,P,1856039,91160,401
2280,P,1856440,91200,339
2281,P,1856779,91240,371
2282,P,1857150,91280,362
2283,P,1857512,91320,482
2284,P,1857994,91360,356
2285,P,1858350,91400,352
2286,P,1858702,91440,339
2287,P,1859041,91480,443
2288,P,1859484,91520,293
2289,P,1859777,91560,294
2290,P,1860071,91600,281
2291,P,1860352,91640,235
2292,P,1860587,91680,231
2293,P,1860818,91720,3660
2294,P,1864478,91760,192
2295,P,1864670,91800,168
2296,P,1864838,91840,463
2297,P,1865301,91880,218
2298,P,1865519,91920,210
2299,P,1865729,91960,144
2300,I,1865873,92000,6764
2301,P,1872637,92040,296
2302,P,1872933,92080,311
2303,P,1873244,92120,242
2304,P,1873486,92160,224
2305,P,1873710,92200,222
2306,P,1873932,92240,373
2307,P,1874305,92280,204
2308,P,1874509,92320,222
2309,P,1874731,92360,225
2310,P,1874956,92400,242
2311,P,1875198,92440,167
2312,P,1875365,92480,193
2313,P,1875558,92520,169
2314,P,1875727,92560,246
2315,P,1875973,92600,268
2316,P,1876241,92640,174
2317,P,1876415,92680,222
2318,P,1876637,92720,226
2319,P,1876863,92760,389
2320,P,1877252,92800,270
2321,P,1877522,92840,280
2322,P,1877802,92880,219
2323,P,1878021,92920,291
2324,P,1878312,92960,369
2325,P,1878681,93000,221
2326,P,1878902,93040,250
2327,P,1879152,93080,243
2328,P,1879395,93120,436
2329,P,1879831,93160,260
2330,P,1880091,93200,290
2331,P,1880381,93240,282
2332,P,1880663,93280,365
2333,P,1881028,93320,399
2334,P,1881427,93360,280
2335,P,1881707,93400,273
2336,P,1881980,93440,397
2337,P,1882377,93480,413
2338,P,1882790,93520,260
2339,P,1883050,93560,284
2340,P,1883334,93600,444
2341,P,1883778,93640,293
2342,P,1884071,93680,477
2343,P,1884548,93720,285
2344,P,1884833,93760,460
2345,P,1885293,93800,276
2346,P,1885569,93840,270
2347,P,1885839,93880,333
2348,P,1886172,93920,381
2349,P,1886553,93960,468
2350,I,1887021,94000,6333
2351,P,1893354,94040,475
2352,P,1893829,94080,561
2353,P,1894390,94120,351
2354,P,1894741,94160,399
2355,P,1895140,94200,353
2356,P,1895493,94240,560
2357,P,1896053,94280,380
2358,P,1896433,94320,343
2359,P,1896776,94360,331
2360,P,1897107,94400,576
2361,P,1897683,94440,300
2362,P,1897983,94480,374
2363,P,1898357,94520,306
2364,P,1898663,94560,318
2365,P,1898981,94600,557
2366,P,1899538,94640,326
2367,P,1899864,94680,344
2368,P,1900208,94720,353
2369,P,1900561,94760,576
2370,P,1901137,94800,384
2371,P,1901521,94840,374
2372,P,1901895,94880,330
2373,P,1902225,94920,598
2374,P,1902823,94960,530
2375,P,1903353,95000,483
2376,P,1903836,95040,429
2377,P,1904265,95080,603
2378,P,1904868,95120,521
2379,P,1905389,95160,451
2380,P,1905840,95200,495
2381,P,1906335,95240,583
2382,P,1906918,95280,383
2383,P,1907301,95320,528
2384,P,1907829,95360,309
2385,P,1908138,95400,425
2386,P,1908563,95440,282
2387,P,1908845,95480,420
2388,P,1909265,95520,268
2389,P,1909533,95560,349
2390,P,1909882,95600,297
2391,P,1910179,95640,238
2392,P,1910417,95680,342
2393,P,1910759,95720,354
2394,P,1911113,95760,201
2395,P,1911314,95800,212
2396,P,1911526,95840,174
2397,P,1911700,95880,234
2398,P,1911934,95920,2778
2399,P,1914712,95960,463
2400,I,1915175,96000,5556
2401,P,1920731,96040,790
2402,P,1921521,96080,599
2403,P,1922120,96120,605
2404,P,1922725,96160,599
2405,P,1923324,96200,585
2406,P,1923909,96240,699
2407,P,1924608,96280,435
2408,P,1925043,96320,373
2409,P,1925416,96360,233
2410,P,1925649,96400,796
2411,P,1926445,96440,1268
2412,P,1927713,96480,1164
2413,P,1928877,96520,1318
2414,P,1930195,96560,947
2415,P,1931142,96600,812
2416,P,1931954,96640,1172
2417,P,1933126,96680,822
2418,P,1933948,96720,691
2419,P,1934639,96760,685
2420,P,1935324,96800,722
2421,P,1936046,96840,1299
2422,P,1937345,96880,654
2423,P,1937999,96920,691
2424,P,1938690,96960,652
2425,P,1939342,97000,553
2426,P,1939895,97040,693
2427,P,1940588,97080,495
2428,P,1941083,97120,523
2429,P,1941606,97160,576
2430,P,1942182,97200,565
2431,P,1942747,97240,616
2432,P,1943363,97280,402
2433,P,1943765,97320,389
2434,P,1944154,97360,4616
2435,P,1948770,97400,370
2436,P,1949140,97440,475
2437,P,1949615,97480,504
2438,P,1950119,97520,369
2439,P,1950488,97560,316
2440,P,1950804,97600,272
2441,P,1951076,97640,261
2442,P,1951337,97680,332
2443,P,1951669,97720,301
2444,P,1951970,97760,336
2445,P,1952306,97800,338
2446,P,1952644,97840,343
2447,P,1952987,97880,318
2448,P,1953305,97920,343
2449,P,1953648,97960,213
2450,I,1953861,98000,6143
2451,P,1960004,98040,422
2452,P,1960426,98080,433
2453,P,1960859,98120,524
2454,P,1961383,98160,566
2455,P,1961949,98200,589
2456,P,1962538,98240,449
2457,P,1962987,98280,486
2458,P,1963473,98320,590
2459,P,1964063,98360,608
2460,P,1964671,98400,552
2461,P,1965223,98440,528
2462,P,1965751,98480,336
2463,P,1966087,98520,286
2464,P,1966373,98560,292
2465,P,1966665,98600,318
2466,P,1966983,98640,291
2467,P,1967274,98680,385
2468,P,1967659,98720,298
2469,P,1967957,98760,316
2470,P,1968273,98800,309
2471,P,1968582,98840,301
2472,P,1968883,98880,224
2473,P,1969107,98920,217
2474,P,1969324,98960,248
2475,P,1969572,99000,243
2476,P,1969815,99040,173
2477,P,1969988,99080,4613
2478,P,1974601,99120,160
2479,P,1974761,99160,311
2480,P,1975072,99200,282
2481,P,1975354,99240,289
2482,P,1975643,99280,313
2483,P,1975956,99320,210
2484,P,1976166,99360,212
2485,P,1976378,99400,220
2486,P,1976598,99440,238
2487,P,1976836,99480,201
2488,P,1977037,99520,224
2489,P,1977261,99560,413
2490,P,1977674,99600,273
2491,P,1977947,99640,275
2492,P,1978222,99680,271
2493,P,1978493,99720,275
2494,P,1978768,99760,335
2495,P,1979103,99800,261
2496,P,1979364,99840,259
2497,P,1979623,99880,270
2498,P,1979893,99920,246
2499,P,1980139,99960,267
2500,I,1980406,100000,5684
2501,P,1986090,100040,338
2502,P,1986428,100080,347
2503,P,1986775,100120,422
2504,P,1987197,100160,639
2505,P,1987836,100200,451
2506,P,1988287,100240,431
2507,P,1988718,100280,316
2508,P,1989034,100320,294
2509,P,1989328,100360,510
2510,P,1989838,100400,277
2511,P,1990115,100440,114
2512,P,1990229,100480,168
2513,P,1990397,100520,193
2514,P,1990590,100560,240
2515,P,1990830,100600,107
2516,P,1990937,100640,5328
2517,P,1996265,100680,258
2518,P,1996523,100720,437
2519,P,1996960,100760,275
2520,P,1997235,100800,270
2521,P,1997505,100840,429
2522,P,1997934,100880,454
2523,P,1998388,100920,317
2524,P,1998705,100960,557
2525,P,1999262,101000,873
2526,P,2000135,101040,270
2527,P,2000405,101080,541
2528,P,2000946,101120,452
2529,P,2001398,101160,302
2530,P,2001700,101200,641
2531,P,2002341,101240,503
2532,P,2002844,101280,340
2533,P,2003184,101320,596
2534,P,2003780,101360,510
2535,P,2004290,101400,702
2536,P,2004992,101440,300
2537,P,2005292,101480,514
2538,P,2005806,101520,596
2539,P,2006402,101560,374
2540,P,2006776,101600,581
2541,P,2007357,101640,733
2542,P,2008090,101680,472
2543,P,2008562,101720,671
2544,P,2009233,101760,786
2545,P,2010019,101800,460
2546,P,2010479,101840,2967
2547,P,2013446,101880,931
2548,P,2014377,101920,416
2549,P,2014793,101960,534
2550,I,2015327,102000,4945
2551,P,2020272,102040,662
2552,P,2020934,102080,524
2553,P,2021458,102120,857
2554,P,2022315,102160,732
2555,P,2023047,102200,504
2556,P,2023551,102240,885
2557,P,2024436,102280,768
2558,P,2025204,102320,590
2559,P,2025794,102360,877
2560,P,2026671,102400,712
2561,P,2027383,102440,419
2562,P,2027802,102480,794
2563,P,2028596,102520,719
2564,P,2029315,102560,461
2565,P,2029776,102600,865
2566,P,2030641,102640,745
2567,P,2031386,102680,757
2568,P,2032143,102720,837
2569,P,2032980,102760,786
2570,P,2033766,102800,758
2571,P,2034524,102840,723
2572,P,2035247,102880,626
2573,P,2035873,102920,684
2574,P,2036557,102960,634
2575,P,2037191,103000,660
2576,P,2037851,103040,631
2577,P,2038482,103080,591
2578,P,2039073,103120,556
2579,P,2039629,103160,462
2580,P,2040091,103200,564
2581,P,2040655,103240,504
2582,P,2041159,103280,534
2583,P,2041693,103320,550
2584,P,2042243,103360,568
2585,P,2042811,103400,442
2586,P,2043253,103440,226
2587,P,2043479,103480,74
2588,P,2043553,103520,828
2589,P,2044381,103560,689
2590,P,2045070,103600,761
2591,P,2045831,103640,624
2592,P,2046455,103680,625
2593,P,2047080,103720,745
2594,P,2047825,103760,467
2595,P,2048292,103800,616
2596,P,2048908,103840,448
2597,P,2049356,103880,369
2598,P,2049725,103920,283
2599,P,2050008,103960,190
2600,I,2050198,104000,6112
2601,P,2056310,104040,266
2602,P,2056576,104080,387
2603,P,2056963,104120,326
2604,P,2057289,104160,582
2605,P,2057871,104200,677
2606,P,2058548,104240,340
2607,P,2058888,104280,722
2608,P,2059610,104320,502
2609,P,2060112,104360,801
2610,P,2060913,104400,552
2611,P,2061465,104440,752
2612,P,2062217,104480,507
2613,P,2062724,104520,440
2614,P,2063164,104560,345
2615,P,2063509,104600,61
2616,P,2063570,104640,357
2617,P,2063927,104680,47
2618,P,2063974,104720,393
2619,P,2064367,104760,47
2620,P,2064414,104800,377
2621,P,2064791,104840,63
2622,P,2064854,104880,342
2623,P,2065196,104920,305
2624,P,2065501,104960,116
2625,P,2065617,105000,29
2626,P,2065646,105040,29
2627,P,2065675,105080,39
2628,P,2065714,105120,32
2629,P,2065746,105160,35
2630,P,2065781,105200,69
2631,P,2065850,105240,39
2632,P,2065889,105280,29
2633,P,2065918,105320,29
2634,P,2065947,105360,29
2635,P,2065976,105400,29
2636,P,2066005,105440,368
2637,P,2066373,105480,29
2638,P,2066402,105520,48
2639,P,2066450,105560,29
2640,P,2066479,105600,59
2641,P,2066538,105640,59
2642,P,2066597,105680,35
2643,P,2066632,105720,35
2644,P,2066667,105760,34
2645,P,2066701,105800,34
2646,P,2066735,105840,35
2647,P,2066770,105880,33
2648,P,2066803,105920,33
2649,P,2066836,105960,34
2650,I,2066870,106000,8129
2651,P,2074999,106040,65
2652,P,2075064,106080,58
2653,P,2075122,106120,57
2654,P,2075179,106160,70
2655,P,2075249,106200,40
2656,P,2075289,106240,74
2657,P,2075363,106280,65
2658,P,2075428,106320,62
2659,P,2075490,106360,56
2660,P,2075546,106400,60
2661,P,2075606,106440,32
2662,P,2075638,106480,36
2663,P,2075674,106520,32
2664,P,2075706,106560,30
2665,P,2075736,106600,33
2666,P,2075769,106640,33
2667,P,2075802,106680,36
2668,P,2075838,106720,80
2669,P,2075918,106760,38
2670,P,2075956,106800,76
2671,P,2076032,106840,42
2672,P,2076074,106880,37
2673,P,2076111,106920,37
2674,P,2076148,106960,35
2675,P,2076183,107000,42
2676,P,2076225,107040,34
2677,P,2076259,107080,43
2678,P,2076302,107120,37
2679,P,2076339,107160,38
2680,P,2076377,107200,69
2681,P,2076446,107240,33
2682,P,2076479,107280,37
2683,P,2076516,107320,29
2684,P,2076545,107360,29
2685,P,2076574,107400,33
2686,P,2076607,107440,35
2687,P,2076642,107480,31
2688,P,2076673,107520,47
2689,P,2076720,107560,31
2690,P,2076751,107600,58
2691,P,2076809,107640,42
2692,P,2076851,107680,28
2693,P,2076879,107720,28
2694,P,2076907,107760,28
2695,P,2076935,107800,262
2696,P,2077197,107840,28
2697,P,2077225,107880,45
2698,P,2077270,107920,28
2699,P,2077298,107960,29
2700,I,2077327,108000,6177
2701,P,2083504,108040,63
2702,P,2083567,108080,64
2703,P,2083631,108120,62
2704,P,2083693,108160,139
2705,P,2083832,108200,70
2706,P,2083902,108240,135
2707,P,2084037,108280,52
2708,P,2084089,108320,1523
2709,P,2085612,108360,658
2710,P,2086270,108400,524
2711,P,2086794,108440,463
2712,P,2087257,108480,423
2713,P,2087680,108520,452
2714,P,2088132,108560,450
2715,P,2088582,108600,441
2716,P,2089023,108640,439
2717,P,2089462,108680,411
2718,P,2089873,108720,387
2719,P,2090260,108760,359
2720,P,2090619,108800,359
2721,P,2090978,108840,337
2722,P,2091315,108880,347
2723,P,2091662,108920,367
2724,P,2092029,108960,350
2725,P,2092379,109000,347
2726,P,2092726,109040,345
2727,P,2093071,109080,368
2728,P,2093439,109120,357
2729,P,2093796,109160,352
2730,P,2094148,109200,399
2731,P,2094547,109240,327
2732,P,2094874,109280,347
2733,P,2095221,109320,342
2734,P,2095563,109360,342
2735,P,2095905,109400,339
2736,P,2096244,109440,353
2737,P,2096597,109480,325
2738,P,2096922,109520,333
2739,P,2097255,109560,332
2740,P,2097587,109600,362
2741,P,2097949,109640,314
2742,P,2098263,109680,295
2743,P,2098558,109720,305
2744,P,2098863,109760,316
2745,P,2099179,109800,293
2746,P,2099472,109840,250
2747,P,2099722,109880,268
2748,P,2099990,109920,196
2749,P,2100186,109960,170
2750,I,2100356,110000,2538
2751,P,2102894,110040,327
2752,P,2103221,110080,315
2753,P,2103536,110120,319
2754,P,2103855,110160,290
2755,P,2104145,110200,299
2756,P,2104444,110240,322
2757,P,2104766,110280,50
2758,P,2104816,110320,4905
2759,P,2109721,110360,1587
2760,P,2111308,110400,1378
2761,P,2112686,110440,1508
2762,P,2114194,110480,1141
2763,P,2115335,110520,954
2764,P,2116289,110560,1050
2765,P,2117339,110600,1260
2766,P,2118599,110640,1154
2767,P,2119753,110680,1220
2768,P,2120973,110720,1253
2769,P,2122226,110760,1390
2770,P,2123616,110800,1459
2771,P,2125075,110840,1664
2772,P,2126739,110880,1679
2773,P,2128418,110920,1428
2774,P,2129846,110960,1733
2775,P,2131579,111000,1674
2776,P,2133253,111040,1533
2777,P,2134786,111080,1540
2778,P,2136326,111120,1551
2779,P,2137877,111160,1694
2780,P,2139571,111200,1674
2781,P,2141245,111240,1107
2782,P,2142352,111280,1299
2783,P,2143651,111320,1241
2784,P,2144892,111360,1327
2785,P,2146219,111400,1308
2786,P,2147527,111440,969
2787,P,2148496,111480,817
2788,P,2149313,111520,6304
2789,P,2155617,111560,1134
2790,P,2156751,111600,1280
2791,P,2158031,111640,1373
2792,P,2159404,111680,1343
2793,P,2160747,111720,1304
2794,P,2162051,111760,1190
2795,P,2163241,111800,1125
2796,P,2164366,111840,1004
2797,P,2165370,111880,1024
2798,P,2166394,111920,984
2799,P,2167378,111960,888
2800,I,2168266,112000,7921
2801,P,2176187,112040,1183
2802,P,2177370,112080,1451
2803,P,2178821,112120,1421
2804,P,2180242,112160,1603
2805,P,2181845,112200,1369
2806,P,2183214,112240,1552
2807,P,2184766,112280,1655
2808,P,2186421,112320,1446
2809,P,2187867,112360,1202
2810,P,2189069,112400,1096
2811,P,2190165,112440,1125
2812,P,2191290,112480,961
2813,P,2192251,112520,956
2814,P,2193207,112560,2759
2815,P,2195966,112600,346
2816,P,2196312,112640,519
2817,P,2196831,112680,613
2818,P,2197444,112720,546
2819,P,2197990,112760,544
2820,P,2198534,112800,630
2821,P,2199164,112840,702
2822,P,2199866,112880,617
2823,P,2200483,112920,638
2824,P,2201121,112960,703
2825,P,2201824,113000,660
2826,P,2202484,113040,713
2827,P,2203197,113080,663
2828,P,2203860,113120,641
2829,P,2204501,113160,651
2830,P,2205152,113200,642
2831,P,2205794,113240,610
2832,P,2206404,113280,652
2833,P,2207056,113320,503
2834,P,2207559,113360,508
2835,P,2208067,113400,559
2836,P,2208626,113440,449
2837,P,2209075,113480,543
2838,P,2209618,113520,529
2839,P,2210147,113560,589
2840,P,2210736,113600,658
2841,P,2211394,113640,600
2842,P,2211994,113680,680
2843,P,2212674,113720,568
2844,P,2213242,113760,599
2845,P,2213841,113800,626
2846,P,2214467,113840,521
2847,P,2214988,113880,565
2848,P,2215553,113920,386
2849,P,2215939,113960,375
2850,I,2216314,114000,3424
2851,P,2219738,114040,497
2852,P,2220235,114080,745
2853,P,2220980,114120,666
2854,P,2221646,114160,661
2855,P,2222307,114200,636
2856,P,2222943,114240,549
2857,P,2223492,114280,574
2858,P,2224066,114320,599
2859,P,2224665,114360,539
2860,P,2225204,114400,532
2861,P,2225736,114440,499
2862,P,2226235,114480,515
2863,P,2226750,114520,488
2864,P,2227238,114560,848
2865,P,2228086,114600,571
2866,P,2228657,114640,525
2867,P,2229182,114680,458
2868,P,2229640,114720,395
2869,P,2230035,114760,3910
2870,P,2233945,114800,333
2871,P,2234278,114840,217
2872,P,2234495,114880,220
2873,P,2234715,114920,358
2874,P,2235073,114960,283
2875,P,2235356,115000,323
2876,P,2235679,115040,299
2877,P,2235978,115080,307
2878,P,2236285,115120,417
2879,P,2236702,115160,339
2880,P,2237041,115200,349
2881,P,2237390,115240,326
2882,P,2237716,115280,372
2883,P,2238088,115320,425
2884,P,2238513,115360,289
2885,P,2238802,115400,355
2886,P,2239157,115440,269
2887,P,2239426,115480,239
2888,P,2239665,115520,355
2889,P,2240020,115560,271
2890,P,2240291,115600,274
2891,P,2240565,115640,219
2892,P,2240784,115680,215
2893,P,2240999,115720,304
2894,P,2241303,115760,525
2895,P,2241828,115800,184
2896,P,2242012,115840,212
2897,P,2242224,115880,210
2898,P,2242434,115920,204
2899,P,2242638,115960,117
2900,I,2242755,116000,5220
2901,P,2247975,116040,371
2902,P,2248346,116080,734
2903,P,2249080,116120,587
2904,P,2249667,116160,717
2905,P,2250384,116200,664
2906,P,2251048,116240,779
2907,P,2251827,116280,1312
2908,P,2253139,116320,1165
2909,P,2254304,116360,1245
2910,P,2255549,116400,1162
2911,P,2256711,116440,949
2912,P,2257660,116480,1125
2913,P,2258785,116520,932
2914,P,2259717,116560,836
2915,P,2260553,116600,787
2916,P,2261340,116640,796
2917,P,2262136,116680,1134
2918,P,2263270,116720,854
2919,P,2264124,116760,866
2920,P,2264990,116800,927
2921,P,2265917,116840,774
2922,P,2266691,116880,1045
2923,P,2267736,116920,711
2924,P,2268447,116960,711
2925,P,2269158,117000,540
2926,P,2269698,117040,4451
2927,P,2274149,117080,232
2928,P,2274381,117120,281
2929,P,2274662,117160,253
2930,P,2274915,117200,535
2931,P,2275450,117240,311
2932,P,2275761,117280,341
2933,P,2276102,117320,322
2934,P,2276424,117360,353
2935,P,2276777,117400,401
2936,P,2277178,117440,268
2937,P,2277446,117480,271
2938,P,2277717,117520,275
2939,P,2277992,117560,273
2940,P,2278265,117600,328
2941,P,2278593,117640,284
2942,P,2278877,117680,311
2943,P,2279188,117720,328
2944,P,2279516,117760,383
2945,P,2279899,117800,529
2946,P,2280428,117840,373
2947,P,2280801,117880,330
2948,P,2281131,117920,241
2949,P,2281372,117960,180
2950,I,2281552,118000,5115
2951,P,2286667,118040,232
2952,P,2286899,118080,139
2953,P,2287038,118120,162
2954,P,2287200,118160,168
2955,P,2287368,118200,2596
2956,P,2289964,118240,213
2957,P,2290177,118280,473
2958,P,2290650,118320,519
2959,P,2291169,118360,507
2960,P,2291676,118400,551
2961,P,2292227,118440,506
2962,P,2292733,118480,917
2963,P,2293650,118520,479
2964,P,2294129,118560,557
2965,P,2294686,118600,512
2966,P,2295198,118640,560
2967,P,2295758,118680,513
2968,P,2296271,118720,555
2969,P,2296826,118760,498
2970,P,2297324,118800,497
2971,P,2297821,118840,486
2972,P,2298307,118880,495
2973,P,2298802,118920,537
2974,P,2299339,118960,536
2975,P,2299875,119000,441
2976,P,2300316,119040,488
2977,P,2300804,119080,512
2978,P,2301316,119120,501
2979,P,2301817,119160,484
2980,P,2302301,119200,475
2981,P,2302776,119240,484
2982,P,2303260,119280,504
2983,P,2303764,119320,359
2984,P,2304123,119360,504
2985,P,2304627,119400,456
2986,P,2305083,119440,533
2987,P,2305616,119480,427
2988,P,2306043,119520,434
2989,P,2306477,119560,410
2990,P,2306887,119600,471
2991,P,2307358,119640,376
2992,P,2307734,119680,341
2993,P,2308075,119720,448
2994,P,2308523,119760,273
2995,P,2308796,119800,365
2996,P,2309161,119840,234
2997,P,2309395,119880,266
2998,P,2309661,119920,144
2999,P,2309805,119960,100
3000,I,2309905,120000,3277
3001,P,2313182,120040,193
3002,P,2313375,120080,432
3003,P,2313807,120120,476
3004,P,2314283,120160,549
3005,P,2314832,120200,494
3006,P,2315326,120240,516
3007,P,2315842,120280,558
3008,P,2316400,120320,474
3009,P,2316874,120360,529
3010,P,2317403,120400,511
3011,P,2317914,120440,466
3012,P,2318380,120480,523
3013,P,2318903,120520,487
3014,P,2319390,120560,474
3015,P,2319864,120600,405
3016,P,2320269,120640,463
3017,P,2320732,120680,494
3018,P,2321226,120720,388
3019,P,2321614,120760,376
3020,P,2321990,120800,395
3021,P,2322385,120840,456
3022,P,2322841,120880,299
3023,P,2323140,120920,352
3024,P,2323492,120960,271
3025,P,2323763,121000,301
3026,P,2324064,121040,143
3027,P,2324207,121080,138
3028,P,2324345,121120,3481
3029,P,2327826,121160,62
3030,P,2327888,121200,325
3031,P,2328213,121240,442
3032,P,2328655,121280,393
3033,P,2329048,121320,426
3034,P,2329474,121360,395
3035,P,2329869,121400,370
3036,P,2330239,121440,465
3037,P,2330704,121480,270
3038,P,2330974,121520,457
3039,P,2331431,121560,559
3040,P,2331990,121600,361
3041,P,2332351,121640,382
3042,P,2332733,121680,423
3043,P,2333156,121720,393
3044,P,2333549,121760,463
3045,P,2334012,121800,37
3046,P,2334049,121840,312
3047,P,2334361,121880,343
3048,P,2334704,121920,288
3049,P,2334992,121960,199
3050,I,2335191,122000,4229
3051,P,2339420,122040,380
3052,P,2339800,122080,480
3053,P,2340280,122120,628
3054,P,2340908,122160,52
3055,P,2340960,122200,453
3056,P,2341413,122240,527
3057,P,2341940,122280,528
3058,P,2342468,122320,479
3059,P,2342947,122360,611
3060,P,2343558,122400,590
3061,P,2344148,122440,615
3062,P,2344763,122480,38
3063,P,2344801,122520,481
3064,P,2345282,122560,442
3065,P,2345724,122600,547
3066,P,2346271,122640,426
3067,P,2346697,122680,527
3068,P,2347224,122720,497
3069,P,2347721,122760,509
3070,P,2348230,122800,651
3071,P,2348881,122840,49
3072,P,2348930,122880,464
3073,P,2349394,122920,940
3074,P,2350334,122960,501
3075,P,2350835,123000,582
3076,P,2351417,123040,682
3077,P,2352099,123080,593
3078,P,2352692,123120,751
3079,P,2353443,123160,65
3080,P,2353508,123200,635
3081,P,2354143,123240,644
3082,P,2354787,123280,737
3083,P,2355524,123320,626
3084,P,2356150,123360,699
3085,P,2356849,123400,550
3086,P,2357399,123440,540
3087,P,2357939,123480,601
3088,P,2358540,123520,46
3089,P,2358586,123560,476
3090,P,2359062,123600,518
3091,P,2359580,123640,593
3092,P,2360173,123680,496
3093,P,2360669,123720,599
3094,P,2361268,123760,485
3095,P,2361753,123800,447
3096,P,2362200,123840,42
3097,P,2362242,123880,452
3098,P,2362694,123920,332
3099,P,2363026,123960,334
3100,I,2363360,124000,4173
3101,P,2367533,124040,409
3102,P,2367942,124080,686
3103,P,2368628,124120,546
3104,P,2369174,124160,717
3105,P,2369891,124200,51
3106,P,2369942,124240,476
3107,P,2370418,124280,550
3108,P,2370968,124320,682
3109,P,2371650,124360,614
3110,P,2372264,124400,674
3111,P,2372938,124440,592
3112,P,2373530,124480,601
3113,P,2374131,124520,27
3114,P,2374158,124560,674
3115,P,2374832,124600,538
3116,P,2375370,124640,711
3117,P,2376081,124680,584
3118,P,2376665,124720,662
3119,P,2377327,124760,797
3120,P,2378124,124800,662
3121,P,2378786,124840,46
3122,P,2378832,124880,740
3123,P,2379572,124920,618
3124,P,2380190,124960,658
3125,P,2380848,125000,740
3126,P,2381588,125040,610
3127,P,2382198,125080,670
3128,P,2382868,125120,533
3129,P,2383401,125160,621
3130,P,2384022,125200,54
3131,P,2384076,125240,619
3132,P,2384695,125280,679
3133,P,2385374,125320,733
3134,P,2386107,125360,593
3135,P,2386700,125400,624
3136,P,2387324,125440,679
3137,P,2388003,125480,464
3138,P,2388467,125520,42
3139,P,2388509,125560,608
3140,P,2389117,125600,548
3141,P,2389665,125640,594
3142,P,2390259,125680,877
3143,P,2391136,125720,503
3144,P,2391639,125760,626
3145,P,2392265,125800,526
3146,P,2392791,125840,418
3147,P,2393209,125880,32
3148,P,2393241,125920,387
3149,P,2393628,125960,255
3150,I,2393883,126000,3566
3151,P,2397449,126040,385
3152,P,2397834,126080,563
3153,P,2398397,126120,705
3154,P,2399102,126160,640
3155,P,2399742,126200,31
3156,P,2399773,126240,736
3157,P,2400509,126280,652
3158,P,2401161,126320,663
3159,P,2401824,126360,586
3160,P,2402410,126400,467
3161,P,2402877,126440,508
3162,P,2403385,126480,475
3163,P,2403860,126520,502
3164,P,2404362,126560,40
3165,P,2404402,126600,762
3166,P,2405164,126640,625
3167,P,2405789,126680,950
3168,P,2406739,126720,861
3169,P,2407600,126760,873
3170,P,2408473,126800,1163
3171,P,2409636,126840,842
3172,P,2410478,126880,51
3173,P,2410529,126920,1104
3174,P,2411633,126960,846
3175,P,2412479,127000,887
3176,P,2413366,127040,966
3177,P,2414332,127080,611
3178,P,2414943,127120,803
3179,P,2415746,127160,751
3180,P,2416497,127200,758
3181,P,2417255,127240,52
3182,P,2417307,127280,630
3183,P,2417937,127320,691
3184,P,2418628,127360,640
3185,P,2419268,127400,681
3186,P,2419949,127440,697
3187,P,2420646,127480,799
3188,P,2421445,127520,613
3189,P,2422058,127560,33
3190,P,2422091,127600,561
3191,P,2422652,127640,667
3192,P,2423319,127680,457
3193,P,2423776,127720,572
3194,P,2424348,127760,510
3195,P,2424858,127800,396
3196,P,2425254,127840,447
3197,P,2425701,127880,42
3198,P,2425743,127920,168
3199,P,2425911,127960,190
3200,I,2426101,128000,4461
3201,P,2430562,128040,301
3202,P,2430863,128080,536
3203,P,2431399,128120,578
3204,P,2431977,128160,460
3205,P,2432437,128200,428
3206,P,2432865,128240,192
3207,P,2433057,128280,503
3208,P,2433560,128320,451
3209,P,2434011,128360,533
3210,P,2434544,128400,552
3211,P,2435096,128440,414
3212,P,2435510,128480,378
3213,P,2435888,128520,420
3214,P,2436308,128560,351
3215,P,2436659,128600,462
3216,P,2437121,128640,447
3217,P,2437568,128680,435
3218,P,2438003,128720,576
3219,P,2438579,128760,512
3220,P,2439091,128800,652
3221,P,2439743,128840,497
3222,P,2440240,128880,719
3223,P,2440959,128920,539
3224,P,2441498,128960,112
3225,P,2441610,129000,92
3226,P,2441702,129040,67
3227,P,2441769,129080,130
3228,P,2441899,129120,246
3229,P,2442145,129160,269
3230,P,2442414,129200,378
3231,P,2442792,129240,481
3232,P,2443273,129280,628
3233,P,2443901,129320,759
3234,P,2444660,129360,415
3235,P,2445075,129400,48
3236,P,2445123,129440,34
3237,P,2445157,129480,41
3238,P,2445198,129520,42
3239,P,2445240,129560,41
3240,P,2445281,129600,46
3241,P,2445327,129640,46
3242,P,2445373,129680,33
3243,P,2445406,129720,28
3244,P,2445434,129760,28
3245,P,2445462,129800,28
3246,P,2445490,129840,31
3247,P,2445521,129880,28
3248,P,2445549,129920,28
3249,P,2445577,129960,27
3250,I,2445604,130000,1873
3251,P,2447477,130040,37
3252,P,2447514,130080,30
3253,P,2447544,130120,31
3254,P,2447575,130160,41
3255,P,2447616,130200,28
3256,P,2447644,130240,28
3257,P,2447672,130280,38
3258,P,2447710,130320,34
3259,P,2447744,130360,32
3260,P,2447776,130400,51
3261,P,2447827,130440,28
3262,P,2447855,130480,28
3263,P,2447883,130520,26
3264,P,2447909,130560,31
3265,P,2447940,130600,29
3266,P,2447969,130640,32
3267,P,2448001,130680,29
3268,P,2448030,130720,29
3269,P,2448059,130760,29
3270,P,2448088,130800,47
3271,P,2448135,130840,29
3272,P,2448164,130880,31
3273,P,2448195,130920,27
3274,P,2448222,130960,85
3275,P,2448307,131000,240
3276,P,2448547,131040,426
3277,P,2448973,131080,355
3278,P,2449328,131120,396
3279,P,2449724,131160,303
3280,P,2450027,131200,275
3281,P,2450302,131240,259
3282,P,2450561,131280,177
3283,P,2450738,131320,131
3284,P,2450869,131360,103
3285,P,2450972,131400,160
3286,P,2451132,131440,96
3287,P,2451228,131480,115
3288,P,2451343,131520,77
3289,P,2451420,131560,111
