0,I,0,0,3261
1,P,3261,40,416
2,P,3677,80,754
3,P,4431,120,878
4,P,5309,160,668
5,P,5977,200,989
6,P,6966,240,665
7,P,7631,280,844
8,P,8475,320,566
9,P,9041,360,732
10,P,9773,400,285
11,P,10058,440,431
12,P,10489,480,673
13,P,11162,520,537
14,P,11699,560,499
15,P,12198,600,759
16,P,12957,640,593
17,P,13550,680,537
18,P,14087,720,1082
19,P,15169,760,544
20,P,15713,800,622
21,P,16335,840,774
22,P,17109,880,489
23,P,17598,920,387
24,P,17985,960,560
25,P,18545,1000,531
26,P,19076,1040,669
27,P,19745,1080,538
28,P,20283,1120,714
29,P,20997,1160,569
30,P,21566,1200,831
31,P,22397,1240,830
32,P,23227,1280,597
33,P,23824,1320,492
34,P,24316,1360,643
35,P,24959,1400,443
36,P,25402,1440,508
37,P,25910,1480,738
38,P,26648,1520,377
39,P,27025,1560,387
40,P,27412,1600,1781
41,P,29193,1640,1107
42,P,30300,1680,800
43,P,31100,1720,822
44,P,31922,1760,999
45,P,32921,1800,607
46,P,33528,1840,282
47,P,33810,1880,332
48,P,34142,1920,278
49,P,34420,1960,272
50,I,34692,2000,2783
51,P,37475,2040,454
52,P,37929,2080,619
53,P,38548,2120,1155
54,P,39703,2160,663
55,P,40366,2200,750
56,P,41116,2240,1416
57,P,42532,2280,79
58,P,42611,2320,67
59,P,42678,2360,63
60,P,42741,2400,92
61,P,42833,2440,335
62,P,43168,2480,402
63,P,43570,2520,451
64,P,44021,2560,648
65,P,44669,2600,276
66,P,44945,2640,413
67,P,45358,2680,694
68,P,46052,2720,1062
69,P,47114,2760,822
70,P,47936,2800,980
71,P,48916,2840,668
72,P,49584,2880,632
73,P,50216,2920,376
74,P,50592,2960,265
75,P,50857,3000,324
76,P,51181,3040,529
77,P,51710,3080,496
78,P,52206,3120,524
79,P,52730,3160,561
80,P,53291,3200,785
81,P,54076,3240,558
82,P,54634,3280,678
83,P,55312,3320,871
84,P,56183,3360,543
85,P,56726,3400,555
86,P,57281,3440,635
87,P,57916,3480,254
88,P,58170,3520,233
89,P,58403,3560,503
90,P,58906,3600,527
91,P,59433,3640,744
92,P,60177,3680,609
93,P,60786,3720,2286
94,P,63072,3760,402
95,P,63474,3800,262
96,P,63736,3840,270
97,P,64006,3880,337
98,P,64343,3920,419
99,P,64762,3960,420
100,I,65182,4000,2898
101,P,68080,4040,425
102,P,68505,4080,886
103,P,69391,4120,509
104,P,69900,4160,498
105,P,70398,4200,726
106,P,71124,4240,219
107,P,71343,4280,161
108,P,71504,4320,360
109,P,71864,4360,578
110,P,72442,4400,422
111,P,72864,4440,683
112,P,73547,4480,501
113,P,74048,4520,543
114,P,74591,4560,469
115,P,75060,4600,672
116,P,75732,4640,449
117,P,76181,4680,627
118,P,76808,4720,486
119,P,77294,4760,282
120,P,77576,4800,393
121,P,77969,4840,633
122,P,78602,4880,387
123,P,78989,4920,407
124,P,79396,4960,613
125,P,80009,5000,398
126,P,80407,5040,394
127,P,80801,5080,503
128,P,81304,5120,393
129,P,81697,5160,504
130,P,82201,5200,708
131,P,82909,5240,959
132,P,83868,5280,565
133,P,84433,5320,309
134,P,84742,5360,494
135,P,85236,5400,345
136,P,85581,5440,387
137,P,85968,5480,504
138,P,86472,5520,487
139,P,86959,5560,615
140,P,87574,5600,893
141,P,88467,5640,605
142,P,89072,5680,480
143,P,89552,5720,776
144,P,90328,5760,264
145,P,90592,5800,292
146,P,90884,5840,449
147,P,91333,5880,462
148,P,91795,5920,468
149,P,92263,5960,76
150,I,92339,6000,1064
151,P,93403,6040,76
152,P,93479,6080,65
153,P,93544,6120,53
154,P,93597,6160,82
155,P,93679,6200,54
156,P,93733,6240,54
157,P,93787,6280,65
158,P,93852,6320,65
159,P,93917,6360,60
160,P,93977,6400,73
161,P,94050,6440,929
162,P,94979,6480,801
163,P,95780,6520,857
164,P,96637,6560,754
165,P,97391,6600,827
166,P,98218,6640,555
167,P,98773,6680,788
168,P,99561,6720,752
169,P,100313,6760,511
170,P,100824,6800,678
171,P,101502,6840,759
172,P,102261,6880,494
173,P,102755,6920,670
174,P,103425,6960,797
175,P,104222,7000,427
176,P,104649,7040,712
177,P,105361,7080,885
178,P,106246,7120,534
179,P,106780,7160,757
180,P,107537,7200,1045
181,P,108582,7240,454
182,P,109036,7280,775
183,P,109811,7320,891
184,P,110702,7360,534
185,P,111236,7400,704
186,P,111940,7440,740
187,P,112680,7480,340
188,P,113020,7520,649
189,P,113669,7560,809
190,P,114478,7600,363
191,P,114841,7640,747
192,P,115588,7680,904
193,P,116492,7720,377
194,P,116869,7760,693
195,P,117562,7800,716
196,P,118278,7840,473
197,P,118751,7880,306
198,P,119057,7920,348
199,P,119405,7960,249
200,I,119654,8000,2752
201,P,122406,8040,2770
202,P,125176,8080,428
203,P,125604,8120,478
204,P,126082,8160,323
205,P,126405,8200,516
206,P,126921,8240,212
207,P,127133,8280,300
208,P,127433,8320,451
209,P,127884,8360,103
210,P,127987,8400,236
211,P,128223,8440,396
212,P,128619,8480,203
213,P,128822,8520,421
214,P,129243,8560,632
215,P,129875,8600,438
216,P,130313,8640,480
217,P,130793,8680,533
218,P,131326,8720,250
219,P,131576,8760,278
220,P,131854,8800,369
221,P,132223,8840,234
222,P,132457,8880,3135
223,P,135592,8920,441
224,P,136033,8960,487
225,P,136520,9000,477
226,P,136997,9040,551
227,P,137548,9080,485
228,P,138033,9120,539
229,P,138572,9160,546
230,P,139118,9200,519
231,P,139637,9240,527
232,P,140164,9280,598
233,P,140762,9320,552
234,P,141314,9360,577
235,P,141891,9400,591
236,P,142482,9440,518
237,P,143000,9480,622
238,P,143622,9520,612
239,P,144234,9560,609
240,P,144843,9600,518
241,P,145361,9640,586
242,P,145947,9680,594
243,P,146541,9720,503
244,P,147044,9760,539
245,P,147583,9800,513
246,P,148096,9840,429
247,P,148525,9880,466
248,P,148991,9920,412
249,P,149403,9960,286
250,I,149689,10000,2444
251,P,152133,10040,2095
252,P,154228,10080,498
253,P,154726,10120,716
254,P,155442,10160,799
255,P,156241,10200,519
256,P,156760,10240,646
257,P,157406,10280,698
258,P,158104,10320,548
259,P,158652,10360,674
260,P,159326,10400,718
261,P,160044,10440,567
262,P,160611,10480,678
263,P,161289,10520,677
264,P,161966,10560,550
265,P,162516,10600,644
266,P,163160,10640,818
267,P,163978,10680,634
268,P,164612,10720,743
269,P,165355,10760,837
270,P,166192,10800,676
271,P,166868,10840,760
272,P,167628,10880,896
273,P,168524,10920,580
274,P,169104,10960,706
275,P,169810,11000,789
276,P,170599,11040,573
277,P,171172,11080,690
278,P,171862,11120,770
279,P,172632,11160,683
280,P,173315,11200,791
281,P,174106,11240,801
282,P,174907,11280,898
283,P,175805,11320,585
284,P,176390,11360,889
285,P,177279,11400,869
286,P,178148,11440,597
287,P,178745,11480,900
288,P,179645,11520,962
289,P,180607,11560,716
290,P,181323,11600,1198
291,P,182521,11640,1358
292,P,183879,11680,861
293,P,184740,11720,1341
294,P,186081,11760,1318
295,P,187399,11800,704
296,P,188103,11840,1277
297,P,189380,11880,1015
298,P,190395,11920,518
299,P,190913,11960,825
300,I,191738,12000,3905
301,P,195643,12040,691
302,P,196334,12080,1178
303,P,197512,12120,1231
304,P,198743,12160,843
305,P,199586,12200,1183
306,P,200769,12240,1229
307,P,201998,12280,887
308,P,202885,12320,1341
309,P,204226,12360,1345
310,P,205571,12400,921
311,P,206492,12440,1366
312,P,207858,12480,1511
313,P,209369,12520,809
314,P,210178,12560,1303
315,P,211481,12600,1356
316,P,212837,12640,903
317,P,213740,12680,1264
318,P,215004,12720,1433
319,P,216437,12760,880
320,P,217317,12800,1329
321,P,218646,12840,1241
322,P,219887,12880,1228
323,P,221115,12920,691
324,P,221806,12960,1221
325,P,223027,13000,1226
326,P,224253,13040,820
327,P,225073,13080,1176
328,P,226249,13120,1191
329,P,227440,13160,670
330,P,228110,13200,1058
331,P,229168,13240,1124
332,P,230292,13280,562
333,P,230854,13320,977
334,P,231831,13360,959
335,P,232790,13400,567
336,P,233357,13440,810
337,P,234167,13480,834
338,P,235001,13520,547
339,P,235548,13560,987
340,P,236535,13600,824
341,P,237359,13640,592
342,P,237951,13680,744
343,P,238695,13720,727
344,P,239422,13760,374
345,P,239796,13800,674
346,P,240470,13840,736
347,P,241206,13880,339
348,P,241545,13920,513
349,P,242058,13960,404
350,I,242462,14000,2675
351,P,245137,14040,3171
352,P,248308,14080,118
353,P,248426,14120,103
354,P,248529,14160,179
355,P,248708,14200,143
356,P,248851,14240,115
357,P,248966,14280,120
358,P,249086,14320,226
359,P,249312,14360,146
360,P,249458,14400,260
361,P,249718,14440,295
362,P,250013,14480,182
363,P,250195,14520,263
364,P,250458,14560,312
365,P,250770,14600,214
366,P,250984,14640,197
367,P,251181,14680,308
368,P,251489,14720,292
369,P,251781,14760,187
370,P,251968,14800,310
371,P,252278,14840,113
372,P,252391,14880,80
373,P,252471,14920,159
374,P,252630,14960,127
375,P,252757,15000,128
376,P,252885,15040,186
377,P,253071,15080,137
378,P,253208,15120,95
379,P,253303,15160,144
380,P,253447,15200,87
381,P,253534,15240,73
382,P,253607,15280,81
383,P,253688,15320,56
384,P,253744,15360,59
385,P,253803,15400,35
386,P,253838,15440,2902
387,P,256740,15480,195
388,P,256935,15520,208
389,P,257143,15560,240
390,P,257383,15600,285
391,P,257668,15640,259
392,P,257927,15680,201
393,P,258128,15720,212
394,P,258340,15760,235
395,P,258575,15800,278
396,P,258853,15840,166
397,P,259019,15880,173
398,P,259192,15920,152
399,P,259344,15960,141
400,I,259485,16000,4078
401,P,263563,16040,208
402,P,263771,16080,259
403,P,264030,16120,261
404,P,264291,16160,272
405,P,264563,16200,398
406,P,264961,16240,257
407,P,265218,16280,269
408,P,265487,16320,249
409,P,265736,16360,236
410,P,265972,16400,376
411,P,266348,16440,281
412,P,266629,16480,281
413,P,266910,16520,271
414,P,267181,16560,263
415,P,267444,16600,361
416,P,267805,16640,221
417,P,268026,16680,271
418,P,268297,16720,253
419,P,268550,16760,252
420,P,268802,16800,392
421,P,269194,16840,259
422,P,269453,16880,248
423,P,269701,16920,224
424,P,269925,16960,222
425,P,270147,17000,305
426,P,270452,17040,223
427,P,270675,17080,253
428,P,270928,17120,243
429,P,271171,17160,223
430,P,271394,17200,401
431,P,271795,17240,273
432,P,272068,17280,228
433,P,272296,17320,240
434,P,272536,17360,254
435,P,272790,17400,336
436,P,273126,17440,256
437,P,273382,17480,234
438,P,273616,17520,260
439,P,273876,17560,227
440,P,274103,17600,382
441,P,274485,17640,235
442,P,274720,17680,226
443,P,274946,17720,281
444,P,275227,17760,265
445,P,275492,17800,330
446,P,275822,17840,167
447,P,275989,17880,185
448,P,276174,17920,192
449,P,276366,17960,161
450,I,276527,18000,4122
451,P,280649,18040,238
452,P,280887,18080,306
453,P,281193,18120,278
454,P,281471,18160,297
455,P,281768,18200,336
456,P,282104,18240,196
457,P,282300,18280,233
458,P,282533,18320,199
459,P,282732,18360,201
460,P,282933,18400,297
461,P,283230,18440,165
462,P,283395,18480,215
463,P,283610,18520,186
464,P,283796,18560,201
465,P,283997,18600,253
466,P,284250,18640,225
467,P,284475,18680,191
468,P,284666,18720,174
469,P,284840,18760,202
470,P,285042,18800,305
471,P,285347,18840,152
472,P,285499,18880,138
473,P,285637,18920,108
474,P,285745,18960,95
475,P,285840,19000,95
476,P,285935,19040,53
477,P,285988,19080,2039
478,P,288027,19120,152
479,P,288179,19160,179
480,P,288358,19200,204
481,P,288562,19240,179
482,P,288741,19280,168
483,P,288909,19320,167
484,P,289076,19360,173
485,P,289249,19400,175
486,P,289424,19440,149
487,P,289573,19480,165
488,P,289738,19520,183
489,P,289921,19560,181
490,P,290102,19600,186
491,P,290288,19640,184
492,P,290472,19680,159
493,P,290631,19720,171
494,P,290802,19760,175
495,P,290977,19800,163
496,P,291140,19840,154
497,P,291294,19880,147
498,P,291441,19920,138
499,P,291579,19960,132
500,I,291711,20000,2907
501,P,294618,20040,163
502,P,294781,20080,210
503,P,294991,20120,198
504,P,295189,20160,217
505,P,295406,20200,235
506,P,295641,20240,203
507,P,295844,20280,258
508,P,296102,20320,247
509,P,296349,20360,276
510,P,296625,20400,279
511,P,296904,20440,279
512,P,297183,20480,294
513,P,297477,20520,332
514,P,297809,20560,289
515,P,298098,20600,337
516,P,298435,20640,361
517,P,298796,20680,411
518,P,299207,20720,428
519,P,299635,20760,393
520,P,300028,20800,457
521,P,300485,20840,433
522,P,300918,20880,462
523,P,301380,20920,354
524,P,301734,20960,472
525,P,302206,21000,354
526,P,302560,21040,452
527,P,303012,21080,413
528,P,303425,21120,393
529,P,303818,21160,435
530,P,304253,21200,483
531,P,304736,21240,444
532,P,305180,21280,387
533,P,305567,21320,362
534,P,305929,21360,459
535,P,306388,21400,358
536,P,306746,21440,432
537,P,307178,21480,475
538,P,307653,21520,322
539,P,307975,21560,80
540,P,308055,21600,793
541,P,308848,21640,610
542,P,309458,21680,627
543,P,310085,21720,416
544,P,310501,21760,461
545,P,310962,21800,222
546,P,311184,21840,298
547,P,311482,21880,207
548,P,311689,21920,144
549,P,311833,21960,154
550,I,311987,22000,3586
551,P,315573,22040,152
552,P,315725,22080,207
553,P,315932,22120,311
554,P,316243,22160,338
555,P,316581,22200,293
556,P,316874,22240,313
557,P,317187,22280,469
558,P,317656,22320,360
559,P,318016,22360,485
560,P,318501,22400,459
561,P,318960,22440,511
562,P,319471,22480,434
563,P,319905,22520,391
564,P,320296,22560,426
565,P,320722,22600,195
566,P,320917,22640,194
567,P,321111,22680,169
568,P,321280,22720,197
569,P,321477,22760,187
570,P,321664,22800,224
571,P,321888,22840,201
572,P,322089,22880,183
573,P,322272,22920,214
574,P,322486,22960,174
575,P,322660,23000,207
576,P,322867,23040,246
577,P,323113,23080,202
578,P,323315,23120,230
579,P,323545,23160,220
580,P,323765,23200,267
581,P,324032,23240,238
582,P,324270,23280,251
583,P,324521,23320,239
584,P,324760,23360,215
585,P,324975,23400,190
586,P,325165,23440,308
587,P,325473,23480,220
588,P,325693,23520,243
589,P,325936,23560,228
590,P,326164,23600,257
591,P,326421,23640,305
592,P,326726,23680,197
593,P,326923,23720,200
594,P,327123,23760,196
595,P,327319,23800,192
596,P,327511,23840,247
597,P,327758,23880,245
598,P,328003,23920,293
599,P,328296,23960,258
600,I,328554,24000,2644
601,P,331198,24040,324
602,P,331522,24080,426
603,P,331948,24120,418
604,P,332366,24160,483
605,P,332849,24200,579
606,P,333428,24240,659
607,P,334087,24280,598
608,P,334685,24320,101
609,P,334786,24360,71
610,P,334857,24400,93
611,P,334950,24440,78
612,P,335028,24480,67
613,P,335095,24520,454
614,P,335549,24560,490
615,P,336039,24600,492
616,P,336531,24640,497
617,P,337028,24680,494
618,P,337522,24720,527
619,P,338049,24760,489
620,P,338538,24800,517
621,P,339055,24840,603
622,P,339658,24880,470
623,P,340128,24920,578
624,P,340706,24960,591
625,P,341297,25000,547
626,P,341844,25040,347
627,P,342191,25080,166
628,P,342357,25120,212
629,P,342569,25160,112
630,P,342681,25200,176
631,P,342857,25240,194
632,P,343051,25280,153
633,P,343204,25320,189
634,P,343393,25360,135
635,P,343528,25400,174
636,P,343702,25440,178
637,P,343880,25480,238
638,P,344118,25520,406
639,P,344524,25560,303
640,P,344827,25600,339
641,P,345166,25640,187
642,P,345353,25680,233
643,P,345586,25720,284
644,P,345870,25760,113
645,P,345983,25800,169
646,P,346152,25840,112
647,P,346264,25880,123
648,P,346387,25920,135
649,P,346522,25960,103
650,I,346625,26000,2160
651,P,348785,26040,78
652,P,348863,26080,2153
653,P,351016,26120,506
654,P,351522,26160,651
655,P,352173,26200,840
656,P,353013,26240,585
657,P,353598,26280,416
658,P,354014,26320,310
659,P,354324,26360,425
660,P,354749,26400,275
661,P,355024,26440,523
662,P,355547,26480,426
663,P,355973,26520,543
664,P,356516,26560,473
665,P,356989,26600,578
666,P,357567,26640,507
667,P,358074,26680,538
668,P,358612,26720,530
669,P,359142,26760,461
670,P,359603,26800,469
671,P,360072,26840,277
672,P,360349,26880,547
673,P,360896,26920,497
674,P,361393,26960,534
675,P,361927,27000,497
676,P,362424,27040,545
677,P,362969,27080,545
678,P,363514,27120,589
679,P,364103,27160,263
680,P,364366,27200,2954
681,P,367320,27240,684
682,P,368004,27280,1126
683,P,369130,27320,766
684,P,369896,27360,855
685,P,370751,27400,744
686,P,371495,27440,754
687,P,372249,27480,1065
688,P,373314,27520,943
689,P,374257,27560,917
690,P,375174,27600,1058
691,P,376232,27640,1003
692,P,377235,27680,1284
693,P,378519,27720,738
694,P,379257,27760,699
695,P,379956,27800,851
696,P,380807,27840,670
697,P,381477,27880,959
698,P,382436,27920,548
699,P,382984,27960,560
700,I,383544,28000,3567
701,P,387111,28040,724
702,P,387835,28080,973
703,P,388808,28120,830
704,P,389638,28160,900
705,P,390538,28200,895
706,P,391433,28240,860
707,P,392293,28280,1161
708,P,393454,28320,912
709,P,394366,28360,837
710,P,395203,28400,870
711,P,396073,28440,776
712,P,396849,28480,850
713,P,397699,28520,1999
714,P,399698,28560,236
715,P,399934,28600,238
716,P,400172,28640,213
717,P,400385,28680,237
718,P,400622,28720,244
719,P,400866,28760,199
720,P,401065,28800,238
721,P,401303,28840,265
722,P,401568,28880,220
723,P,401788,28920,216
724,P,402004,28960,183
725,P,402187,29000,176
726,P,402363,29040,337
727,P,402700,29080,206
728,P,402906,29120,205
729,P,403111,29160,206
730,P,403317,29200,239
731,P,403556,29240,405
732,P,403961,29280,270
733,P,404231,29320,257
734,P,404488,29360,108
735,P,404596,29400,128
736,P,404724,29440,201
737,P,404925,29480,160
738,P,405085,29520,173
739,P,405258,29560,153
740,P,405411,29600,191
741,P,405602,29640,219
742,P,405821,29680,182
743,P,406003,29720,222
744,P,406225,29760,211
745,P,406436,29800,190
746,P,406626,29840,218
747,P,406844,29880,152
748,P,406996,29920,135
749,P,407131,29960,125
750,I,407256,30000,2681
751,P,409937,30040,344
752,P,410281,30080,288
753,P,410569,30120,246
754,P,410815,30160,212
755,P,411027,30200,165
756,P,411192,30240,260
757,P,411452,30280,156
758,P,411608,30320,163
759,P,411771,30360,154
760,P,411925,30400,181
761,P,412106,30440,194
762,P,412300,30480,140
763,P,412440,30520,123
764,P,412563,30560,160
765,P,412723,30600,170
766,P,412893,30640,228
767,P,413121,30680,169
768,P,413290,30720,197
769,P,413487,30760,217
770,P,413704,30800,195
771,P,413899,30840,320
772,P,414219,30880,203
773,P,414422,30920,217
774,P,414639,30960,194
775,P,414833,31000,175
776,P,415008,31040,251
777,P,415259,31080,171
778,P,415430,31120,207
779,P,415637,31160,189
780,P,415826,31200,224
781,P,416050,31240,304
782,P,416354,31280,231
783,P,416585,31320,215
784,P,416800,31360,220
785,P,417020,31400,219
786,P,417239,31440,276
787,P,417515,31480,175
788,P,417690,31520,137
789,P,417827,31560,146
790,P,417973,31600,114
791,P,418087,31640,157
792,P,418244,31680,2144
793,P,420388,31720,768
794,P,421156,31760,872
795,P,422028,31800,952
796,P,422980,31840,961
797,P,423941,31880,836
798,P,424777,31920,741
799,P,425518,31960,821
800,I,426339,32000,2952
801,P,429291,32040,978
802,P,430269,32080,945
803,P,431214,32120,981
804,P,432195,32160,959
805,P,433154,32200,1074
806,P,434228,32240,948
807,P,435176,32280,983
808,P,436159,32320,1090
809,P,437249,32360,1176
810,P,438425,32400,1159
811,P,439584,32440,1061
812,P,440645,32480,1025
813,P,441670,32520,892
814,P,442562,32560,985
815,P,443547,32600,986
816,P,444533,32640,1068
817,P,445601,32680,1016
818,P,446617,32720,960
819,P,447577,32760,811
820,P,448388,32800,604
821,P,448992,32840,632
822,P,449624,32880,765
823,P,450389,32920,845
824,P,451234,32960,672
825,P,451906,33000,529
826,P,452435,33040,570
827,P,453005,33080,2223
828,P,455228,33120,188
829,P,455416,33160,222
830,P,455638,33200,213
831,P,455851,33240,222
832,P,456073,33280,195
833,P,456268,33320,182
834,P,456450,33360,196
835,P,456646,33400,201
836,P,456847,33440,170
837,P,457017,33480,206
838,P,457223,33520,196
839,P,457419,33560,172
840,P,457591,33600,214
841,P,457805,33640,188
842,P,457993,33680,201
843,P,458194,33720,172
844,P,458366,33760,187
845,P,458553,33800,188
846,P,458741,33840,189
847,P,458930,33880,179
848,P,459109,33920,184
849,P,459293,33960,173
850,I,459466,34000,2832
851,P,462298,34040,256
852,P,462554,34080,380
853,P,462934,34120,280
854,P,463214,34160,395
855,P,463609,34200,293
856,P,463902,34240,292
857,P,464194,34280,313
858,P,464507,34320,346
859,P,464853,34360,329
860,P,465182,34400,351
861,P,465533,34440,335
862,P,465868,34480,367
863,P,466235,34520,426
864,P,466661,34560,352
865,P,467013,34600,379
866,P,467392,34640,334
867,P,467726,34680,385
868,P,468111,34720,379
869,P,468490,34760,364
870,P,468854,34800,417
871,P,469271,34840,463
872,P,469734,34880,377
873,P,470111,34920,377
874,P,470488,34960,389
875,P,470877,35000,385
876,P,471262,35040,362
877,P,471624,35080,455
878,P,472079,35120,442
879,P,472521,35160,365
880,P,472886,35200,488
881,P,473374,35240,422
882,P,473796,35280,414
883,P,474210,35320,348
884,P,474558,35360,353
885,P,474911,35400,314
886,P,475225,35440,277
887,P,475502,35480,247
888,P,475749,35520,265
889,P,476014,35560,1527
890,P,477541,35600,457
891,P,477998,35640,513
892,P,478511,35680,493
893,P,479004,35720,649
894,P,479653,35760,480
895,P,480133,35800,411
896,P,480544,35840,407
897,P,480951,35880,346
898,P,481297,35920,406
899,P,481703,35960,263
900,I,481966,36000,2168
901,P,484134,36040,318
902,P,484452,36080,356
903,P,484808,36120,493
904,P,485301,36160,392
905,P,485693,36200,428
906,P,486121,36240,402
907,P,486523,36280,436
908,P,486959,36320,659
909,P,487618,36360,387
910,P,488005,36400,437
911,P,488442,36440,414
912,P,488856,36480,433
913,P,489289,36520,571
914,P,489860,36560,409
915,P,490269,36600,437
916,P,490706,36640,403
917,P,491109,36680,392
918,P,491501,36720,566
919,P,492067,36760,400
920,P,492467,36800,389
921,P,492856,36840,320
922,P,493176,36880,3287
923,P,496463,36920,212
924,P,496675,36960,182
925,P,496857,37000,176
926,P,497033,37040,167
927,P,497200,37080,164
928,P,497364,37120,195
929,P,497559,37160,130
930,P,497689,37200,205
931,P,497894,37240,165
932,P,498059,37280,133
933,P,498192,37320,156
934,P,498348,37360,138
935,P,498486,37400,137
936,P,498623,37440,105
937,P,498728,37480,112
938,P,498840,37520,159
939,P,498999,37560,117
940,P,499116,37600,153
941,P,499269,37640,95
942,P,499364,37680,85
943,P,499449,37720,2862
944,P,502311,37760,122
945,P,502433,37800,156
946,P,502589,37840,145
947,P,502734,37880,201
948,P,502935,37920,117
949,P,503052,37960,77
950,I,503129,38000,4201
951,P,507330,38040,120
952,P,507450,38080,189
953,P,507639,38120,272
954,P,507911,38160,224
955,P,508135,38200,219
956,P,508354,38240,223
957,P,508577,38280,242
958,P,508819,38320,335
959,P,509154,38360,262
960,P,509416,38400,353
961,P,509769,38440,383
962,P,510152,38480,412
963,P,510564,38520,585
964,P,511149,38560,406
965,P,511555,38600,474
966,P,512029,38640,436
967,P,512465,38680,377
968,P,512842,38720,461
969,P,513303,38760,238
970,P,513541,38800,318
971,P,513859,38840,241
972,P,514100,38880,228
973,P,514328,38920,344
974,P,514672,38960,171
975,P,514843,39000,224
976,P,515067,39040,158
977,P,515225,39080,182
978,P,515407,39120,204
979,P,515611,39160,74
980,P,515685,39200,2368
981,P,518053,39240,188
982,P,518241,39280,159
983,P,518400,39320,194
984,P,518594,39360,236
985,P,518830,39400,189
986,P,519019,39440,193
987,P,519212,39480,219
988,P,519431,39520,198
989,P,519629,39560,221
990,P,519850,39600,197
991,P,520047,39640,193
992,P,520240,39680,182
993,P,520422,39720,110
994,P,520532,39760,135
995,P,520667,39800,142
996,P,520809,39840,103
997,P,520912,39880,134
998,P,521046,39920,97
999,P,521143,39960,94
1000,I,521237,40000,2885
1001,P,524122,40040,124
1002,P,524246,40080,168
1003,P,524414,40120,203
1004,P,524617,40160,231
1005,P,524848,40200,204
1006,P,525052,40240,219
1007,P,525271,40280,269
1008,P,525540,40320,239
1009,P,525779,40360,303
1010,P,526082,40400,256
1011,P,526338,40440,320
1012,P,526658,40480,408
1013,P,527066,40520,305
1014,P,527371,40560,322
1015,P,527693,40600,297
1016,P,527990,40640,330
1017,P,528320,40680,335
1018,P,528655,40720,369
1019,P,529024,40760,414
1020,P,529438,40800,391
1021,P,529829,40840,452
1022,P,530281,40880,397
1023,P,530678,40920,418
1024,P,531096,40960,338
1025,P,531434,41000,417
1026,P,531851,41040,415
1027,P,532266,41080,456
1028,P,532722,41120,420
1029,P,533142,41160,416
1030,P,533558,41200,438
1031,P,533996,41240,473
1032,P,534469,41280,390
1033,P,534859,41320,410
1034,P,535269,41360,419
1035,P,535688,41400,440
1036,P,536128,41440,430
1037,P,536558,41480,479
1038,P,537037,41520,484
1039,P,537521,41560,511
1040,P,538032,41600,517
1041,P,538549,41640,561
1042,P,539110,41680,590
1043,P,539700,41720,598
1044,P,540298,41760,614
1045,P,540912,41800,524
1046,P,541436,41840,552
1047,P,541988,41880,533
1048,P,542521,41920,414
1049,P,542935,41960,419
1050,I,543354,42000,2874
1051,P,546228,42040,480
1052,P,546708,42080,577
1053,P,547285,42120,579
1054,P,547864,42160,605
1055,P,548469,42200,577
1056,P,549046,42240,563
1057,P,549609,42280,605
1058,P,550214,42320,581
1059,P,550795,42360,548
1060,P,551343,42400,539
1061,P,551882,42440,587
1062,P,552469,42480,546
1063,P,553015,42520,581
1064,P,553596,42560,717
1065,P,554313,42600,645
1066,P,554958,42640,592
1067,P,555550,42680,509
1068,P,556059,42720,430
1069,P,556489,42760,415
1070,P,556904,42800,379
1071,P,557283,42840,306
1072,P,557589,42880,2970
1073,P,560559,42920,741
1074,P,561300,42960,764
1075,P,562064,43000,807
1076,P,562871,43040,983
1077,P,563854,43080,843
1078,P,564697,43120,1007
1079,P,565704,43160,814
1080,P,566518,43200,839
1081,P,567357,43240,993
1082,P,568350,43280,785
1083,P,569135,43320,918
1084,P,570053,43360,755
1085,P,570808,43400,720
1086,P,571528,43440,858
1087,P,572386,43480,583
1088,P,572969,43520,441
1089,P,573410,43560,377
1090,P,573787,43600,372
1091,P,574159,43640,374
1092,P,574533,43680,421
1093,P,574954,43720,418
1094,P,575372,43760,560
1095,P,575932,43800,506
1096,P,576438,43840,602
1097,P,577040,43880,618
1098,P,577658,43920,622
1099,P,578280,43960,672
1100,I,578952,44000,3721
1101,P,582673,44040,924
1102,P,583597,44080,856
1103,P,584453,44120,898
1104,P,585351,44160,1033
1105,P,586384,44200,742
1106,P,587126,44240,775
1107,P,587901,44280,331
1108,P,588232,44320,198
1109,P,588430,44360,386
1110,P,588816,44400,430
1111,P,589246,44440,578
1112,P,589824,44480,595
1113,P,590419,44520,650
1114,P,591069,44560,817
1115,P,591886,44600,780
1116,P,592666,44640,946
1117,P,593612,44680,865
1118,P,594477,44720,859
1119,P,595336,44760,1004
1120,P,596340,44800,768
1121,P,597108,44840,945
1122,P,598053,44880,676
1123,P,598729,44920,571
1124,P,599300,44960,646
1125,P,599946,45000,328
1126,P,600274,45040,368
1127,P,600642,45080,379
1128,P,601021,45120,403
1129,P,601424,45160,528
1130,P,601952,45200,493
1131,P,602445,45240,622
1132,P,603067,45280,469
1133,P,603536,45320,505
1134,P,604041,45360,2988
1135,P,607029,45400,419
1136,P,607448,45440,534
1137,P,607982,45480,536
1138,P,608518,45520,744
1139,P,609262,45560,587
1140,P,609849,45600,629
1141,P,610478,45640,619
1142,P,611097,45680,562
1143,P,611659,45720,863
1144,P,612522,45760,570
1145,P,613092,45800,612
1146,P,613704,45840,602
1147,P,614306,45880,608
1148,P,614914,45920,648
1149,P,615562,45960,371
1150,I,615933,46000,4401
1151,P,620334,46040,452
1152,P,620786,46080,574
1153,P,621360,46120,791
1154,P,622151,46160,460
1155,P,622611,46200,479
1156,P,623090,46240,363
1157,P,623453,46280,283
1158,P,623736,46320,238
1159,P,623974,46360,140
1160,P,624114,46400,246
1161,P,624360,46440,325
1162,P,624685,46480,392
1163,P,625077,46520,638
1164,P,625715,46560,601
1165,P,626316,46600,669
1166,P,626985,46640,740
1167,P,627725,46680,684
1168,P,628409,46720,736
1169,P,629145,46760,1010
1170,P,630155,46800,676
1171,P,630831,46840,739
1172,P,631570,46880,644
1173,P,632214,46920,669
1174,P,632883,46960,955
1175,P,633838,47000,644
1176,P,634482,47040,695
1177,P,635177,47080,573
1178,P,635750,47120,589
1179,P,636339,47160,724
1180,P,637063,47200,436
1181,P,637499,47240,267
1182,P,637766,47280,198
1183,P,637964,47320,269
1184,P,638233,47360,466
1185,P,638699,47400,424
1186,P,639123,47440,520
1187,P,639643,47480,463
1188,P,640106,47520,534
1189,P,640640,47560,798
1190,P,641438,47600,632
1191,P,642070,47640,645
1192,P,642715,47680,661
1193,P,643376,47720,637
1194,P,644013,47760,949
1195,P,644962,47800,606
1196,P,645568,47840,645
1197,P,646213,47880,538
1198,P,646751,47920,483
1199,P,647234,47960,468
1200,I,647702,48000,4387
1201,P,652089,48040,244
1202,P,652333,48080,318
1203,P,652651,48120,206
1204,P,652857,48160,291
1205,P,653148,48200,271
1206,P,653419,48240,306
1207,P,653725,48280,426
1208,P,654151,48320,523
1209,P,654674,48360,828
1210,P,655502,48400,632
1211,P,656134,48440,616
1212,P,656750,48480,548
1213,P,657298,48520,590
1214,P,657888,48560,853
1215,P,658741,48600,431
1216,P,659172,48640,399
1217,P,659571,48680,2424
1218,P,661995,48720,224
1219,P,662219,48760,216
1220,P,662435,48800,284
1221,P,662719,48840,253
1222,P,662972,48880,281
1223,P,663253,48920,219
1224,P,663472,48960,253
1225,P,663725,49000,241
1226,P,663966,49040,222
1227,P,664188,49080,319
1228,P,664507,49120,264
1229,P,664771,49160,265
1230,P,665036,49200,287
1231,P,665323,49240,255
1232,P,665578,49280,338
1233,P,665916,49320,243
1234,P,666159,49360,237
1235,P,666396,49400,239
1236,P,666635,49440,271
1237,P,666906,49480,349
1238,P,667255,49520,274
1239,P,667529,49560,268
1240,P,667797,49600,286
1241,P,668083,49640,241
1242,P,668324,49680,335
1243,P,668659,49720,236
1244,P,668895,49760,256
1245,P,669151,49800,239
1246,P,669390,49840,192
1247,P,669582,49880,275
1248,P,669857,49920,290
1249,P,670147,49960,283
1250,I,670430,50000,2515
1251,P,672945,50040,394
1252,P,673339,50080,467
1253,P,673806,50120,327
1254,P,674133,50160,363
1255,P,674496,50200,264
1256,P,674760,50240,234
1257,P,674994,50280,318
1258,P,675312,50320,2520
1259,P,677832,50360,502
1260,P,678334,50400,583
1261,P,678917,50440,602
1262,P,679519,50480,674
1263,P,680193,50520,934
1264,P,681127,50560,700
1265,P,681827,50600,722
1266,P,682549,50640,698
1267,P,683247,50680,715
1268,P,683962,50720,944
1269,P,684906,50760,668
1270,P,685574,50800,728
1271,P,686302,50840,733
1272,P,687035,50880,698
1273,P,687733,50920,933
1274,P,688666,50960,695
1275,P,689361,51000,713
1276,P,690074,51040,716
1277,P,690790,51080,684
1278,P,691474,51120,746
1279,P,692220,51160,929
1280,P,693149,51200,860
1281,P,694009,51240,769
1282,P,694778,51280,735
1283,P,695513,51320,774
1284,P,696287,51360,1155
1285,P,697442,51400,765
1286,P,698207,51440,808
1287,P,699015,51480,758
1288,P,699773,51520,777
1289,P,700550,51560,1109
1290,P,701659,51600,782
1291,P,702441,51640,829
1292,P,703270,51680,848
1293,P,704118,51720,687
1294,P,704805,51760,1079
1295,P,705884,51800,632
1296,P,706516,51840,548
1297,P,707064,51880,462
1298,P,707526,51920,430
1299,P,707956,51960,598
1300,I,708554,52000,3290
1301,P,711844,52040,331
1302,P,712175,52080,478
1303,P,712653,52120,441
1304,P,713094,52160,648
1305,P,713742,52200,4015
1306,P,717757,52240,471
1307,P,718228,52280,528
1308,P,718756,52320,534
1309,P,719290,52360,652
1310,P,719942,52400,780
1311,P,720722,52440,691
1312,P,721413,52480,410
1313,P,721823,52520,479
1314,P,722302,52560,466
1315,P,722768,52600,534
1316,P,723302,52640,653
1317,P,723955,52680,512
1318,P,724467,52720,420
1319,P,724887,52760,347
1320,P,725234,52800,648
1321,P,725882,52840,416
1322,P,726298,52880,429
1323,P,726727,52920,336
1324,P,727063,52960,322
1325,P,727385,53000,606
1326,P,727991,53040,474
1327,P,728465,53080,527
1328,P,728992,53120,561
1329,P,729553,53160,610
1330,P,730163,53200,773
1331,P,730936,53240,586
1332,P,731522,53280,581
1333,P,732103,53320,664
1334,P,732767,53360,819
1335,P,733586,53400,964
1336,P,734550,53440,878
1337,P,735428,53480,807
1338,P,736235,53520,504
1339,P,736739,53560,600
1340,P,737339,53600,881
1341,P,738220,53640,733
1342,P,738953,53680,717
1343,P,739670,53720,478
1344,P,740148,53760,584
1345,P,740732,53800,710
1346,P,741442,53840,663
1347,P,742105,53880,600
1348,P,742705,53920,524
1349,P,743229,53960,452
1350,I,743681,54000,2182
1351,P,745863,54040,481
1352,P,746344,54080,515
1353,P,746859,54120,389
1354,P,747248,54160,84
1355,P,747332,54200,516
1356,P,747848,54240,496
1357,P,748344,54280,631
1358,P,748975,54320,488
1359,P,749463,54360,419
1360,P,749882,54400,602
1361,P,750484,54440,428
1362,P,750912,54480,485
1363,P,751397,54520,302
1364,P,751699,54560,384
1365,P,752083,54600,437
1366,P,752520,54640,484
1367,P,753004,54680,478
1368,P,753482,54720,557
1369,P,754039,54760,621
1370,P,754660,54800,828
1371,P,755488,54840,618
1372,P,756106,54880,682
1373,P,756788,54920,793
1374,P,757581,54960,833
1375,P,758414,55000,1000
1376,P,759414,55040,701
1377,P,760115,55080,824
1378,P,760939,55120,839
1379,P,761778,55160,743
1380,P,762521,55200,952
1381,P,763473,55240,576
1382,P,764049,55280,494
1383,P,764543,55320,266
1384,P,764809,55360,372
1385,P,765181,55400,646
1386,P,765827,55440,560
1387,P,766387,55480,580
1388,P,766967,55520,553
1389,P,767520,55560,560
1390,P,768080,55600,897
1391,P,768977,55640,663
1392,P,769640,55680,712
1393,P,770352,55720,700
1394,P,771052,55760,660
1395,P,771712,55800,753
1396,P,772465,55840,501
1397,P,772966,55880,454
1398,P,773420,55920,392
1399,P,773812,55960,337
1400,I,774149,56000,3229
1401,P,777378,56040,295
1402,P,777673,56080,354
1403,P,778027,56120,372
1404,P,778399,56160,374
1405,P,778773,56200,552
1406,P,779325,56240,476
1407,P,779801,56280,515
1408,P,780316,56320,542
1409,P,780858,56360,499
1410,P,781357,56400,744
1411,P,782101,56440,562
1412,P,782663,56480,545
1413,P,783208,56520,547
1414,P,783755,56560,579
1415,P,784334,56600,723
1416,P,785057,56640,521
1417,P,785578,56680,501
1418,P,786079,56720,516
1419,P,786595,56760,433
1420,P,787028,56800,516
1421,P,787544,56840,308
1422,P,787852,56880,222
1423,P,788074,56920,156
1424,P,788230,56960,147
1425,P,788377,57000,207
1426,P,788584,57040,2717
1427,P,791301,57080,76
1428,P,791377,57120,66
1429,P,791443,57160,65
1430,P,791508,57200,115
1431,P,791623,57240,118
1432,P,791741,57280,187
1433,P,791928,57320,101
1434,P,792029,57360,61
1435,P,792090,57400,137
1436,P,792227,57440,165
1437,P,792392,57480,217
1438,P,792609,57520,346
1439,P,792955,57560,371
1440,P,793326,57600,410
1441,P,793736,57640,363
1442,P,794099,57680,51
1443,P,794150,57720,338
1444,P,794488,57760,317
1445,P,794805,57800,313
1446,P,795118,57840,199
1447,P,795317,57880,182
1448,P,795499,57920,171
1449,P,795670,57960,187
1450,I,795857,58000,3015
1451,P,798872,58040,250
1452,P,799122,58080,332
1453,P,799454,58120,294
1454,P,799748,58160,329
1455,P,800077,58200,377
1456,P,800454,58240,308
1457,P,800762,58280,351
1458,P,801113,58320,71
1459,P,801184,58360,239
1460,P,801423,58400,297
1461,P,801720,58440,252
1462,P,801972,58480,1864
1463,P,803836,58520,444
1464,P,804280,58560,561
1465,P,804841,58600,668
1466,P,805509,58640,69
1467,P,805578,58680,752
1468,P,806330,58720,705
1469,P,807035,58760,630
1470,P,807665,58800,675
1471,P,808340,58840,587
1472,P,808927,58880,847
1473,P,809774,58920,570
1474,P,810344,58960,53
1475,P,810397,59000,490
1476,P,810887,59040,691
1477,P,811578,59080,604
1478,P,812182,59120,710
1479,P,812892,59160,658
1480,P,813550,59200,718
1481,P,814268,59240,633
1482,P,814901,59280,55
1483,P,814956,59320,517
1484,P,815473,59360,584
1485,P,816057,59400,452
1486,P,816509,59440,393
1487,P,816902,59480,504
1488,P,817406,59520,373
1489,P,817779,59560,455
1490,P,818234,59600,70
1491,P,818304,59640,412
1492,P,818716,59680,485
1493,P,819201,59720,609
1494,P,819810,59760,489
1495,P,820299,59800,613
1496,P,820912,59840,428
1497,P,821340,59880,321
1498,P,821661,59920,45
1499,P,821706,59960,238
1500,I,821944,60000,3251
1501,P,825195,60040,485
1502,P,825680,60080,521
1503,P,826201,60120,586
1504,P,826787,60160,68
1505,P,826855,60200,52
1506,P,826907,60240,593
1507,P,827500,60280,60
1508,P,827560,60320,512
1509,P,828072,60360,55
1510,P,828127,60400,447
1511,P,828574,60440,53
1512,P,828627,60480,48
1513,P,828675,60520,345
1514,P,829020,60560,46
1515,P,829066,60600,378
1516,P,829444,60640,38
1517,P,829482,60680,462
1518,P,829944,60720,46
1519,P,829990,60760,41
1520,P,830031,60800,367
1521,P,830398,60840,86
1522,P,830484,60880,411
1523,P,830895,60920,40
1524,P,830935,60960,273
1525,P,831208,61000,44
1526,P,831252,61040,2759
1527,P,834011,61080,695
1528,P,834706,61120,747
1529,P,835453,61160,794
1530,P,836247,61200,968
1531,P,837215,61240,747
1532,P,837962,61280,1292
1533,P,839254,61320,763
1534,P,840017,61360,828
1535,P,840845,61400,982
1536,P,841827,61440,743
1537,P,842570,61480,947
1538,P,843517,61520,746
1539,P,844263,61560,722
1540,P,844985,61600,916
1541,P,845901,61640,573
1542,P,846474,61680,485
1543,P,846959,61720,329
1544,P,847288,61760,284
1545,P,847572,61800,353
1546,P,847925,61840,338
1547,P,848263,61880,358
1548,P,848621,61920,466
1549,P,849087,61960,350
1550,I,849437,62000,3687
1551,P,853124,62040,678
1552,P,853802,62080,790
1553,P,854592,62120,1026
1554,P,855618,62160,832
1555,P,856450,62200,1072
1556,P,857522,62240,924
1557,P,858446,62280,910
1558,P,859356,62320,1034
1559,P,860390,62360,775
1560,P,861165,62400,810
1561,P,861975,62440,354
1562,P,862329,62480,204
1563,P,862533,62520,394
1564,P,862927,62560,437
1565,P,863364,62600,555
1566,P,863919,62640,589
1567,P,864508,62680,678
1568,P,865186,62720,786
1569,P,865972,62760,754
1570,P,866726,62800,1029
1571,P,867755,62840,827
1572,P,868582,62880,831
1573,P,869413,62920,920
1574,P,870333,62960,764
1575,P,871097,63000,917
1576,P,872014,63040,708
1577,P,872722,63080,595
1578,P,873317,63120,633
1579,P,873950,63160,352
1580,P,874302,63200,377
1581,P,874679,63240,398
1582,P,875077,63280,419
1583,P,875496,63320,515
1584,P,876011,63360,490
1585,P,876501,63400,634
1586,P,877135,63440,471
1587,P,877606,63480,506
1588,P,878112,63520,2906
1589,P,881018,63560,366
1590,P,881384,63600,536
1591,P,881920,63640,499
1592,P,882419,63680,743
1593,P,883162,63720,522
1594,P,883684,63760,570
1595,P,884254,63800,550
1596,P,884804,63840,472
1597,P,885276,63880,845
1598,P,886121,63920,423
1599,P,886544,63960,408
1600,I,886952,64000,4136
1601,P,891088,64040,538
1602,P,891626,64080,1013
1603,P,892639,64120,993
1604,P,893632,64160,746
1605,P,894378,64200,637
1606,P,895015,64240,660
1607,P,895675,64280,881
1608,P,896556,64320,539
1609,P,897095,64360,486
1610,P,897581,64400,403
1611,P,897984,64440,282
1612,P,898266,64480,183
1613,P,898449,64520,115
1614,P,898564,64560,243
1615,P,898807,64600,351
1616,P,899158,64640,364
1617,P,899522,64680,572
1618,P,900094,64720,622
1619,P,900716,64760,720
1620,P,901436,64800,754
1621,P,902190,64840,727
1622,P,902917,64880,705
1623,P,903622,64920,1042
1624,P,904664,64960,686
1625,P,905350,65000,701
1626,P,906051,65040,677
1627,P,906728,65080,709
1628,P,907437,65120,987
1629,P,908424,65160,629
1630,P,909053,65200,716
1631,P,909769,65240,639
1632,P,910408,65280,620
1633,P,911028,65320,696
1634,P,911724,65360,415
1635,P,912139,65400,225
1636,P,912364,65440,218
1637,P,912582,65480,283
1638,P,912865,65520,462
1639,P,913327,65560,465
1640,P,913792,65600,540
1641,P,914332,65640,454
1642,P,914786,65680,505
1643,P,915291,65720,773
1644,P,916064,65760,571
1645,P,916635,65800,626
1646,P,917261,65840,580
1647,P,917841,65880,576
1648,P,918417,65920,725
1649,P,919142,65960,469
1650,I,919611,66000,4002
1651,P,923613,66040,633
1652,P,924246,66080,732
1653,P,924978,66120,1004
1654,P,925982,66160,576
1655,P,926558,66200,466
1656,P,927024,66240,340
1657,P,927364,66280,242
1658,P,927606,66320,311
1659,P,927917,66360,233
1660,P,928150,66400,380
1661,P,928530,66440,370
1662,P,928900,66480,408
1663,P,929308,66520,605
1664,P,929913,66560,568
1665,P,930481,66600,615
1666,P,931096,66640,617
1667,P,931713,66680,621
1668,P,932334,66720,897
1669,P,933231,66760,508
1670,P,933739,66800,523
1671,P,934262,66840,352
1672,P,934614,66880,1926
1673,P,936540,66920,918
1674,P,937458,66960,846
1675,P,938304,67000,839
1676,P,939143,67040,859
1677,P,940002,67080,953
1678,P,940955,67120,1289
1679,P,942244,67160,904
1680,P,943148,67200,949
1681,P,944097,67240,898
1682,P,944995,67280,847
1683,P,945842,67320,1165
1684,P,947007,67360,825
1685,P,947832,67400,865
1686,P,948697,67440,842
1687,P,949539,67480,820
1688,P,950359,67520,1009
1689,P,951368,67560,837
1690,P,952205,67600,912
1691,P,953117,67640,890
1692,P,954007,67680,870
1693,P,954877,67720,1067
1694,P,955944,67760,962
1695,P,956906,67800,1079
1696,P,957985,67840,1117
1697,P,959102,67880,1034
1698,P,960136,67920,1213
1699,P,961349,67960,883
1700,I,962232,68000,2706
1701,P,964938,68040,854
1702,P,965792,68080,911
1703,P,966703,68120,1178
1704,P,967881,68160,1008
1705,P,968889,68200,983
1706,P,969872,68240,1004
1707,P,970876,68280,1033
1708,P,971909,68320,1413
1709,P,973322,68360,1072
1710,P,974394,68400,1055
1711,P,975449,68440,1002
1712,P,976451,68480,908
1713,P,977359,68520,1162
1714,P,978521,68560,824
1715,P,979345,68600,893
1716,P,980238,68640,856
1717,P,981094,68680,758
1718,P,981852,68720,2680
1719,P,984532,68760,910
1720,P,985442,68800,1002
1721,P,986444,68840,978
1722,P,987422,68880,955
1723,P,988377,68920,1139
1724,P,989516,68960,907
1725,P,990423,69000,856
1726,P,991279,69040,784
1727,P,992063,69080,818
1728,P,992881,69120,917
1729,P,993798,69160,839
1730,P,994637,69200,858
1731,P,995495,69240,876
1732,P,996371,69280,860
1733,P,997231,69320,1165
1734,P,998396,69360,945
1735,P,999341,69400,1008
1736,P,1000349,69440,906
1737,P,1001255,69480,936
1738,P,1002191,69520,1132
1739,P,1003323,69560,801
1740,P,1004124,69600,836
1741,P,1004960,69640,646
1742,P,1005606,69680,456
1743,P,1006062,69720,622
1744,P,1006684,69760,719
1745,P,1007403,69800,835
1746,P,1008238,69840,768
1747,P,1009006,69880,676
1748,P,1009682,69920,879
1749,P,1010561,69960,604
1750,I,1011165,70000,3506
1751,P,1014671,70040,761
1752,P,1015432,70080,863
1753,P,1016295,70120,1086
1754,P,1017381,70160,828
1755,P,1018209,70200,866
1756,P,1019075,70240,810
1757,P,1019885,70280,718
1758,P,1020603,70320,770
1759,P,1021373,70360,594
1760,P,1021967,70400,747
1761,P,1022714,70440,759
1762,P,1023473,70480,788
1763,P,1024261,70520,1023
1764,P,1025284,70560,785
1765,P,1026069,70600,824
1766,P,1026893,70640,809
1767,P,1027702,70680,853
1768,P,1028555,70720,1106
1769,P,1029661,70760,780
1770,P,1030441,70800,850
1771,P,1031291,70840,847
1772,P,1032138,70880,724
1773,P,1032862,70920,797
1774,P,1033659,70960,605
1775,P,1034264,71000,635
1776,P,1034899,71040,698
1777,P,1035597,71080,650
1778,P,1036247,71120,992
1779,P,1037239,71160,545
1780,P,1037784,71200,538
1781,P,1038322,71240,2240
1782,P,1040562,71280,627
1783,P,1041189,71320,1316
1784,P,1042505,71360,1097
1785,P,1043602,71400,1052
1786,P,1044654,71440,958
1787,P,1045612,71480,879
1788,P,1046491,71520,815
1789,P,1047306,71560,556
1790,P,1047862,71600,519
1791,P,1048381,71640,471
1792,P,1048852,71680,522
1793,P,1049374,71720,541
1794,P,1049915,71760,433
1795,P,1050348,71800,476
1796,P,1050824,71840,576
1797,P,1051400,71880,584
1798,P,1051984,71920,802
1799,P,1052786,71960,457
1800,I,1053243,72000,3025
1801,P,1056268,72040,647
1802,P,1056915,72080,842
1803,P,1057757,72120,1094
1804,P,1058851,72160,598
1805,P,1059449,72200,627
1806,P,1060076,72240,629
1807,P,1060705,72280,647
1808,P,1061352,72320,669
1809,P,1062021,72360,454
1810,P,1062475,72400,611
1811,P,1063086,72440,697
1812,P,1063783,72480,847
1813,P,1064630,72520,1308
1814,P,1065938,72560,981
1815,P,1066919,72600,976
1816,P,1067895,72640,923
1817,P,1068818,72680,808
1818,P,1069626,72720,850
1819,P,1070476,72760,481
1820,P,1070957,72800,560
1821,P,1071517,72840,532
1822,P,1072049,72880,567
1823,P,1072616,72920,681
1824,P,1073297,72960,653
1825,P,1073950,73000,747
1826,P,1074697,73040,806
1827,P,1075503,73080,762
1828,P,1076265,73120,1134
1829,P,1077399,73160,815
1830,P,1078214,73200,863
1831,P,1079077,73240,846
1832,P,1079923,73280,754
1833,P,1080677,73320,702
1834,P,1081379,73360,634
1835,P,1082013,73400,659
1836,P,1082672,73440,555
1837,P,1083227,73480,560
1838,P,1083787,73520,520
1839,P,1084307,73560,537
1840,P,1084844,73600,605
1841,P,1085449,73640,591
1842,P,1086040,73680,84
1843,P,1086124,73720,309
1844,P,1086433,73760,320
1845,P,1086753,73800,371
1846,P,1087124,73840,291
1847,P,1087415,73880,300
1848,P,1087715,73920,297
1849,P,1088012,73960,203
1850,I,1088215,74000,2212
1851,P,1090427,74040,215
1852,P,1090642,74080,328
1853,P,1090970,74120,479
1854,P,1091449,74160,426
1855,P,1091875,74200,371
1856,P,1092246,74240,593
1857,P,1092839,74280,449
1858,P,1093288,74320,616
1859,P,1093904,74360,453
1860,P,1094357,74400,574
1861,P,1094931,74440,495
1862,P,1095426,74480,554
1863,P,1095980,74520,603
1864,P,1096583,74560,424
1865,P,1097007,74600,423
1866,P,1097430,74640,541
1867,P,1097971,74680,534
1868,P,1098505,74720,213
1869,P,1098718,74760,159
1870,P,1098877,74800,195
1871,P,1099072,74840,169
1872,P,1099241,74880,145
1873,P,1099386,74920,87
1874,P,1099473,74960,60
1875,P,1099533,75000,96
1876,P,1099629,75040,70
1877,P,1099699,75080,54
1878,P,1099753,75120,65
1879,P,1099818,75160,76
1880,P,1099894,75200,108
1881,P,1100002,75240,120
1882,P,1100122,75280,154
1883,P,1100276,75320,219
1884,P,1100495,75360,160
1885,P,1100655,75400,181
1886,P,1100836,75440,178
1887,P,1101014,75480,170
1888,P,1101184,75520,283
1889,P,1101467,75560,204
1890,P,1101671,75600,244
1891,P,1101915,75640,204
1892,P,1102119,75680,200
1893,P,1102319,75720,209
1894,P,1102528,75760,180
1895,P,1102708,75800,185
1896,P,1102893,75840,193
1897,P,1103086,75880,152
1898,P,1103238,75920,141
1899,P,1103379,75960,157
1900,I,1103536,76000,3337
1901,P,1106873,76040,168
1902,P,1107041,76080,183
1903,P,1107224,76120,206
1904,P,1107430,76160,348
1905,P,1107778,76200,214
1906,P,1107992,76240,188
1907,P,1108180,76280,214
1908,P,1108394,76320,257
1909,P,1108651,76360,393
1910,P,1109044,76400,281
1911,P,1109325,76440,231
1912,P,1109556,76480,134
1913,P,1109690,76520,158
1914,P,1109848,76560,207
1915,P,1110055,76600,174
1916,P,1110229,76640,150
1917,P,1110379,76680,171
1918,P,1110550,76720,162
1919,P,1110712,76760,233
1920,P,1110945,76800,214
1921,P,1111159,76840,244
1922,P,1111403,76880,242
1923,P,1111645,76920,280
1924,P,1111925,76960,367
1925,P,1112292,77000,295
1926,P,1112587,77040,278
1927,P,1112865,77080,263
1928,P,1113128,77120,284
1929,P,1113412,77160,457
1930,P,1113869,77200,345
1931,P,1114214,77240,296
1932,P,1114510,77280,231
1933,P,1114741,77320,192
1934,P,1114933,77360,249
1935,P,1115182,77400,186
1936,P,1115368,77440,155
1937,P,1115523,77480,196
1938,P,1115719,77520,201
1939,P,1115920,77560,198
1940,P,1116118,77600,206
1941,P,1116324,77640,169
1942,P,1116493,77680,189
1943,P,1116682,77720,166
1944,P,1116848,77760,265
1945,P,1117113,77800,184
1946,P,1117297,77840,151
1947,P,1117448,77880,133
1948,P,1117581,77920,159
1949,P,1117740,77960,193
1950,I,1117933,78000,2621
1951,P,1120554,78040,187
1952,P,1120741,78080,190
1953,P,1120931,78120,275
1954,P,1121206,78160,288
1955,P,1121494,78200,197
1956,P,1121691,78240,227
1957,P,1121918,78280,197
1958,P,1122115,78320,213
1959,P,1122328,78360,286
1960,P,1122614,78400,252
1961,P,1122866,78440,197
1962,P,1123063,78480,245
1963,P,1123308,78520,215
1964,P,1123523,78560,316
1965,P,1123839,78600,179
1966,P,1124018,78640,191
1967,P,1124209,78680,178
1968,P,1124387,78720,152
1969,P,1124539,78760,176
1970,P,1124715,78800,159
1971,P,1124874,78840,100
1972,P,1124974,78880,78
1973,P,1125052,78920,61
1974,P,1125113,78960,110
1975,P,1125223,79000,2441
1976,P,1127664,79040,457
1977,P,1128121,79080,532
1978,P,1128653,79120,493
1979,P,1129146,79160,662
1980,P,1129808,79200,579
1981,P,1130387,79240,543
1982,P,1130930,79280,507
1983,P,1131437,79320,476
1984,P,1131913,79360,650
1985,P,1132563,79400,479
1986,P,1133042,79440,448
1987,P,1133490,79480,407
1988,P,1133897,79520,451
1989,P,1134348,79560,516
1990,P,1134864,79600,321
1991,P,1135185,79640,228
1992,P,1135413,79680,169
1993,P,1135582,79720,481
1994,P,1136063,79760,839
1995,P,1136902,79800,788
1996,P,1137690,79840,822
1997,P,1138512,79880,623
1998,P,1139135,79920,455
1999,P,1139590,79960,596
2000,I,1140186,80000,3078
2001,P,1143264,80040,438
2002,P,1143702,80080,443
2003,P,1144145,80120,473
2004,P,1144618,80160,856
2005,P,1145474,80200,472
2006,P,1145946,80240,516
2007,P,1146462,80280,446
2008,P,1146908,80320,403
2009,P,1147311,80360,459
2010,P,1147770,80400,404
2011,P,1148174,80440,382
2012,P,1148556,80480,353
2013,P,1148909,80520,355
2014,P,1149264,80560,468
2015,P,1149732,80600,343
2016,P,1150075,80640,3099
2017,P,1153174,80680,175
2018,P,1153349,80720,234
2019,P,1153583,80760,248
2020,P,1153831,80800,290
2021,P,1154121,80840,307
2022,P,1154428,80880,324
2023,P,1154752,80920,249
2024,P,1155001,80960,262
2025,P,1155263,81000,220
2026,P,1155483,81040,219
2027,P,1155702,81080,311
2028,P,1156013,81120,289
2029,P,1156302,81160,317
2030,P,1156619,81200,365
2031,P,1156984,81240,371
2032,P,1157355,81280,251
2033,P,1157606,81320,334
2034,P,1157940,81360,356
2035,P,1158296,81400,377
2036,P,1158673,81440,322
2037,P,1158995,81480,343
2038,P,1159338,81520,221
2039,P,1159559,81560,193
2040,P,1159752,81600,206
2041,P,1159958,81640,263
2042,P,1160221,81680,221
2043,P,1160442,81720,241
2044,P,1160683,81760,221
2045,P,1160904,81800,190
2046,P,1161094,81840,182
2047,P,1161276,81880,169
2048,P,1161445,81920,142
2049,P,1161587,81960,123
2050,I,1161710,82000,3654
2051,P,1165364,82040,1174
2052,P,1166538,82080,51
2053,P,1166589,82120,397
2054,P,1166986,82160,74
2055,P,1167060,82200,452
2056,P,1167512,82240,51
2057,P,1167563,82280,328
2058,P,1167891,82320,61
2059,P,1167952,82360,57
2060,P,1168009,82400,378
2061,P,1168387,82440,56
2062,P,1168443,82480,434
2063,P,1168877,82520,42
2064,P,1168919,82560,441
2065,P,1169360,82600,48
2066,P,1169408,82640,390
2067,P,1169798,82680,51
2068,P,1169849,82720,372
2069,P,1170221,82760,53
2070,P,1170274,82800,312
2071,P,1170586,82840,64
2072,P,1170650,82880,228
2073,P,1170878,82920,47
2074,P,1170925,82960,231
2075,P,1171156,83000,47
2076,P,1171203,83040,45
2077,P,1171248,83080,293
2078,P,1171541,83120,48
2079,P,1171589,83160,266
2080,P,1171855,83200,72
2081,P,1171927,83240,301
2082,P,1172228,83280,44
2083,P,1172272,83320,235
2084,P,1172507,83360,47
2085,P,1172554,83400,213
2086,P,1172767,83440,37
2087,P,1172804,83480,217
2088,P,1173021,83520,49
2089,P,1173070,83560,191
2090,P,1173261,83600,64
2091,P,1173325,83640,156
2092,P,1173481,83680,42
2093,P,1173523,83720,2356
2094,P,1175879,83760,125
2095,P,1176004,83800,181
2096,P,1176185,83840,166
2097,P,1176351,83880,144
2098,P,1176495,83920,130
2099,P,1176625,83960,105
2100,I,1176730,84000,3906
2101,P,1180636,84040,136
2102,P,1180772,84080,159
2103,P,1180931,84120,159
2104,P,1181090,84160,173
2105,P,1181263,84200,295
2106,P,1181558,84240,212
2107,P,1181770,84280,254
2108,P,1182024,84320,244
2109,P,1182268,84360,204
2110,P,1182472,84400,281
2111,P,1182753,84440,209
2112,P,1182962,84480,209
2113,P,1183171,84520,212
2114,P,1183383,84560,196
2115,P,1183579,84600,242
2116,P,1183821,84640,212
2117,P,1184033,84680,228
2118,P,1184261,84720,209
2119,P,1184470,84760,261
2120,P,1184731,84800,398
2121,P,1185129,84840,262
2122,P,1185391,84880,264
2123,P,1185655,84920,244
2124,P,1185899,84960,175
2125,P,1186074,85000,289
2126,P,1186363,85040,122
2127,P,1186485,85080,70
2128,P,1186555,85120,113
2129,P,1186668,85160,105
2130,P,1186773,85200,2746
2131,P,1189519,85240,276
2132,P,1189795,85280,195
2133,P,1189990,85320,190
2134,P,1190180,85360,185
2135,P,1190365,85400,314
2136,P,1190679,85440,216
2137,P,1190895,85480,272
2138,P,1191167,85520,274
2139,P,1191441,85560,338
2140,P,1191779,85600,331
2141,P,1192110,85640,281
2142,P,1192391,85680,257
2143,P,1192648,85720,306
2144,P,1192954,85760,330
2145,P,1193284,85800,239
2146,P,1193523,85840,223
2147,P,1193746,85880,271
2148,P,1194017,85920,188
2149,P,1194205,85960,261
2150,I,1194466,86000,3399
2151,P,1197865,86040,340
2152,P,1198205,86080,258
2153,P,1198463,86120,371
2154,P,1198834,86160,261
2155,P,1199095,86200,428
2156,P,1199523,86240,513
2157,P,1200036,86280,318
2158,P,1200354,86320,445
2159,P,1200799,86360,447
2160,P,1201246,86400,333
2161,P,1201579,86440,367
2162,P,1201946,86480,476
2163,P,1202422,86520,504
2164,P,1202926,86560,394
2165,P,1203320,86600,398
2166,P,1203718,86640,378
2167,P,1204096,86680,524
2168,P,1204620,86720,318
2169,P,1204938,86760,2370
2170,P,1207308,86800,438
2171,P,1207746,86840,586
2172,P,1208332,86880,552
2173,P,1208884,86920,362
2174,P,1209246,86960,400
2175,P,1209646,87000,373
2176,P,1210019,87040,609
2177,P,1210628,87080,404
2178,P,1211032,87120,434
2179,P,1211466,87160,365
2180,P,1211831,87200,538
2181,P,1212369,87240,544
2182,P,1212913,87280,410
2183,P,1213323,87320,424
2184,P,1213747,87360,558
2185,P,1214305,87400,592
2186,P,1214897,87440,391
2187,P,1215288,87480,385
2188,P,1215673,87520,525
2189,P,1216198,87560,304
2190,P,1216502,87600,550
2191,P,1217052,87640,300
2192,P,1217352,87680,470
2193,P,1217822,87720,316
2194,P,1218138,87760,488
2195,P,1218626,87800,330
2196,P,1218956,87840,445
2197,P,1219401,87880,283
2198,P,1219684,87920,1670
2199,P,1221354,87960,121
2200,I,1221475,88000,3935
2201,P,1225410,88040,142
2202,P,1225552,88080,185
2203,P,1225737,88120,45
2204,P,1225782,88160,188
2205,P,1225970,88200,311
2206,P,1226281,88240,48
2207,P,1226329,88280,203
2208,P,1226532,88320,242
2209,P,1226774,88360,290
2210,P,1227064,88400,81
2211,P,1227145,88440,215
2212,P,1227360,88480,299
2213,P,1227659,88520,38
2214,P,1227697,88560,215
2215,P,1227912,88600,212
2216,P,1228124,88640,234
2217,P,1228358,88680,41
2218,P,1228399,88720,205
2219,P,1228604,88760,248
2220,P,1228852,88800,58
2221,P,1228910,88840,209
2222,P,1229119,88880,259
2223,P,1229378,88920,41
2224,P,1229419,88960,211
2225,P,1229630,89000,219
2226,P,1229849,89040,352
2227,P,1230201,89080,48
2228,P,1230249,89120,252
2229,P,1230501,89160,232
2230,P,1230733,89200,56
2231,P,1230789,89240,158
2232,P,1230947,89280,1696
2233,P,1232643,89320,577
2234,P,1233220,89360,616
2235,P,1233836,89400,395
2236,P,1234231,89440,416
2237,P,1234647,89480,616
2238,P,1235263,89520,553
2239,P,1235816,89560,351
2240,P,1236167,89600,397
2241,P,1236564,89640,365
2242,P,1236929,89680,592
2243,P,1237521,89720,301
2244,P,1237822,89760,359
2245,P,1238181,89800,315
2246,P,1238496,89840,521
2247,P,1239017,89880,280
2248,P,1239297,89920,260
2249,P,1239557,89960,211
2250,I,1239768,90000,3152
2251,P,1242920,90040,546
2252,P,1243466,90080,321
2253,P,1243787,90120,483
2254,P,1244270,90160,308
2255,P,1244578,90200,420
2256,P,1244998,90240,403
2257,P,1245401,90280,286
2258,P,1245687,90320,281
2259,P,1245968,90360,372
2260,P,1246340,90400,399
2261,P,1246739,90440,260
2262,P,1246999,90480,313
2263,P,1247312,90520,350
2264,P,1247662,90560,300
2265,P,1247962,90600,391
2266,P,1248353,90640,307
2267,P,1248660,90680,392
2268,P,1249052,90720,287
2269,P,1249339,90760,415
2270,P,1249754,90800,326
2271,P,1250080,90840,404
2272,P,1250484,90880,281
2273,P,1250765,90920,270
2274,P,1251035,90960,318
2275,P,1251353,91000,280
2276,P,1251633,91040,195
2277,P,1251828,91080,210
2278,P,1252038,91120,211
2279,P,1252249,91160,267
2280,P,1252516,91200,261
2281,P,1252777,91240,270
2282,P,1253047,91280,285
2283,P,1253332,91320,321
2284,P,1253653,91360,253
2285,P,1253906,91400,276
2286,P,1254182,91440,257
2287,P,1254439,91480,287
2288,P,1254726,91520,223
2289,P,1254949,91560,226
2290,P,1255175,91600,214
2291,P,1255389,91640,143
2292,P,1255532,91680,173
2293,P,1255705,91720,2355
2294,P,1258060,91760,160
2295,P,1258220,91800,125
2296,P,1258345,91840,286
2297,P,1258631,91880,173
2298,P,1258804,91920,148
2299,P,1258952,91960,103
2300,I,1259055,92000,4182
2301,P,1263237,92040,202
2302,P,1263439,92080,187
2303,P,1263626,92120,157
2304,P,1263783,92160,182
2305,P,1263965,92200,137
2306,P,1264102,92240,220
2307,P,1264322,92280,139
2308,P,1264461,92320,141
2309,P,1264602,92360,139
2310,P,1264741,92400,208
2311,P,1264949,92440,126
2312,P,1265075,92480,136
2313,P,1265211,92520,122
2314,P,1265333,92560,148
2315,P,1265481,92600,207
2316,P,1265688,92640,134
2317,P,1265822,92680,143
2318,P,1265965,92720,187
2319,P,1266152,92760,254
2320,P,1266406,92800,190
2321,P,1266596,92840,201
2322,P,1266797,92880,163
2323,P,1266960,92920,168
2324,P,1267128,92960,280
2325,P,1267408,93000,200
2326,P,1267608,93040,166
2327,P,1267774,93080,161
2328,P,1267935,93120,269
2329,P,1268204,93160,188
2330,P,1268392,93200,227
2331,P,1268619,93240,209
2332,P,1268828,93280,312
2333,P,1269140,93320,282
2334,P,1269422,93360,210
2335,P,1269632,93400,217
2336,P,1269849,93440,293
2337,P,1270142,93480,248
2338,P,1270390,93520,180
2339,P,1270570,93560,193
2340,P,1270763,93600,315
2341,P,1271078,93640,233
2342,P,1271311,93680,343
2343,P,1271654,93720,224
2344,P,1271878,93760,354
2345,P,1272232,93800,204
2346,P,1272436,93840,208
2347,P,1272644,93880,268
2348,P,1272912,93920,272
2349,P,1273184,93960,287
2350,I,1273471,94000,3939
2351,P,1277410,94040,332
2352,P,1277742,94080,392
2353,P,1278134,94120,226
2354,P,1278360,94160,253
2355,P,1278613,94200,251
2356,P,1278864,94240,405
2357,P,1279269,94280,254
2358,P,1279523,94320,262
2359,P,1279785,94360,229
2360,P,1280014,94400,412
2361,P,1280426,94440,263
2362,P,1280689,94480,237
2363,P,1280926,94520,241
2364,P,1281167,94560,240
2365,P,1281407,94600,419
2366,P,1281826,94640,206
2367,P,1282032,94680,275
2368,P,1282307,94720,266
2369,P,1282573,94760,414
2370,P,1282987,94800,309
2371,P,1283296,94840,254
2372,P,1283550,94880,229
2373,P,1283779,94920,316
2374,P,1284095,94960,351
2375,P,1284446,95000,344
2376,P,1284790,95040,251
2377,P,1285041,95080,365
2378,P,1285406,95120,363
2379,P,1285769,95160,296
2380,P,1286065,95200,390
2381,P,1286455,95240,411
2382,P,1286866,95280,286
2383,P,1287152,95320,371
2384,P,1287523,95360,239
2385,P,1287762,95400,296
2386,P,1288058,95440,169
2387,P,1288227,95480,287
2388,P,1288514,95520,168
2389,P,1288682,95560,232
2390,P,1288914,95600,204
2391,P,1289118,95640,183
2392,P,1289301,95680,259
2393,P,1289560,95720,222
2394,P,1289782,95760,160
2395,P,1289942,95800,150
2396,P,1290092,95840,106
2397,P,1290198,95880,174
2398,P,1290372,95920,1754
2399,P,1292126,95960,334
2400,I,1292460,96000,3358
2401,P,1295818,96040,570
2402,P,1296388,96080,435
2403,P,1296823,96120,395
2404,P,1297218,96160,443
2405,P,1297661,96200,453
2406,P,1298114,96240,533
2407,P,1298647,96280,296
2408,P,1298943,96320,279
2409,P,1299222,96360,165
2410,P,1299387,96400,512
2411,P,1299899,96440,886
2412,P,1300785,96480,839
2413,P,1301624,96520,922
2414,P,1302546,96560,682
2415,P,1303228,96600,580
2416,P,1303808,96640,809
2417,P,1304617,96680,545
2418,P,1305162,96720,548
2419,P,1305710,96760,522
2420,P,1306232,96800,481
2421,P,1306713,96840,883
2422,P,1307596,96880,499
2423,P,1308095,96920,469
2424,P,1308564,96960,508
2425,P,1309072,97000,408
2426,P,1309480,97040,486
2427,P,1309966,97080,412
2428,P,1310378,97120,425
2429,P,1310803,97160,392
2430,P,1311195,97200,414
2431,P,1311609,97240,504
2432,P,1312113,97280,363
2433,P,1312476,97320,350
2434,P,1312826,97360,2917
2435,P,1315743,97400,233
2436,P,1315976,97440,328
2437,P,1316304,97480,334
2438,P,1316638,97520,265
2439,P,1316903,97560,229
2440,P,1317132,97600,206
2441,P,1317338,97640,197
2442,P,1317535,97680,224
2443,P,1317759,97720,205
2444,P,1317964,97760,223
2445,P,1318187,97800,227
2446,P,1318414,97840,281
2447,P,1318695,97880,231
2448,P,1318926,97920,192
2449,P,1319118,97960,153
2450,I,1319271,98000,3761
2451,P,1323032,98040,281
2452,P,1323313,98080,274
2453,P,1323587,98120,357
2454,P,1323944,98160,387
2455,P,1324331,98200,385
2456,P,1324716,98240,257
2457,P,1324973,98280,319
2458,P,1325292,98320,396
2459,P,1325688,98360,390
2460,P,1326078,98400,385
2461,P,1326463,98440,313
2462,P,1326776,98480,234
2463,P,1327010,98520,198
2464,P,1327208,98560,183
2465,P,1327391,98600,279
2466,P,1327670,98640,224
2467,P,1327894,98680,254
2468,P,1328148,98720,220
2469,P,1328368,98760,204
2470,P,1328572,98800,229
2471,P,1328801,98840,208
2472,P,1329009,98880,183
2473,P,1329192,98920,166
2474,P,1329358,98960,178
2475,P,1329536,99000,167
2476,P,1329703,99040,123
2477,P,1329826,99080,2870
2478,P,1332696,99120,130
2479,P,1332826,99160,203
2480,P,1333029,99200,219
2481,P,1333248,99240,212
2482,P,1333460,99280,216
2483,P,1333676,99320,108
2484,P,1333784,99360,180
2485,P,1333964,99400,159
2486,P,1334123,99440,152
2487,P,1334275,99480,160
2488,P,1334435,99520,180
2489,P,1334615,99560,262
2490,P,1334877,99600,233
2491,P,1335110,99640,189
2492,P,1335299,99680,213
2493,P,1335512,99720,197
2494,P,1335709,99760,239
2495,P,1335948,99800,192
2496,P,1336140,99840,194
2497,P,1336334,99880,196
2498,P,1336530,99920,189
2499,P,1336719,99960,185
2500,I,1336904,100000,3441
2501,P,1340345,100040,262
2502,P,1340607,100080,217
2503,P,1340824,100120,281
2504,P,1341105,100160,427
2505,P,1341532,100200,297
2506,P,1341829,100240,259
2507,P,1342088,100280,238
2508,P,1342326,100320,176
2509,P,1342502,100360,282
2510,P,1342784,100400,186
2511,P,1342970,100440,89
2512,P,1343059,100480,129
2513,P,1343188,100520,110
2514,P,1343298,100560,165
2515,P,1343463,100600,77
2516,P,1343540,100640,2796
2517,P,1346336,100680,181
2518,P,1346517,100720,260
2519,P,1346777,100760,186
2520,P,1346963,100800,196
2521,P,1347159,100840,319
2522,P,1347478,100880,278
2523,P,1347756,100920,215
2524,P,1347971,100960,371
2525,P,1348342,101000,513
2526,P,1348855,101040,249
2527,P,1349104,101080,389
2528,P,1349493,101120,345
2529,P,1349838,101160,198
2530,P,1350036,101200,438
2531,P,1350474,101240,352
2532,P,1350826,101280,240
2533,P,1351066,101320,434
2534,P,1351500,101360,310
2535,P,1351810,101400,442
2536,P,1352252,101440,261
2537,P,1352513,101480,381
2538,P,1352894,101520,498
2539,P,1353392,101560,280
2540,P,1353672,101600,452
2541,P,1354124,101640,522
2542,P,1354646,101680,335
2543,P,1354981,101720,468
2544,P,1355449,101760,512
2545,P,1355961,101800,268
2546,P,1356229,101840,1861
2547,P,1358090,101880,647
2548,P,1358737,101920,300
2549,P,1359037,101960,383
2550,I,1359420,102000,2766
2551,P,1362186,102040,505
2552,P,1362691,102080,331
2553,P,1363022,102120,575
2554,P,1363597,102160,559
2555,P,1364156,102200,364
2556,P,1364520,102240,633
2557,P,1365153,102280,554
2558,P,1365707,102320,394
2559,P,1366101,102360,562
2560,P,1366663,102400,450
2561,P,1367113,102440,288
2562,P,1367401,102480,568
2563,P,1367969,102520,474
2564,P,1368443,102560,378
2565,P,1368821,102600,565
2566,P,1369386,102640,537
2567,P,1369923,102680,561
2568,P,1370484,102720,570
2569,P,1371054,102760,502
2570,P,1371556,102800,630
2571,P,1372186,102840,512
2572,P,1372698,102880,484
2573,P,1373182,102920,512
2574,P,1373694,102960,444
2575,P,1374138,103000,475
2576,P,1374613,103040,383
2577,P,1374996,103080,473
2578,P,1375469,103120,371
2579,P,1375840,103160,363
2580,P,1376203,103200,401
2581,P,1376604,103240,339
2582,P,1376943,103280,389
2583,P,1377332,103320,391
2584,P,1377723,103360,332
2585,P,1378055,103400,373
2586,P,1378428,103440,206
2587,P,1378634,103480,88
2588,P,1378722,103520,588
2589,P,1379310,103560,491
2590,P,1379801,103600,499
2591,P,1380300,103640,459
2592,P,1380759,103680,390
2593,P,1381149,103720,396
2594,P,1381545,103760,438
2595,P,1381983,103800,390
2596,P,1382373,103840,294
2597,P,1382667,103880,252
2598,P,1382919,103920,187
2599,P,1383106,103960,130
2600,I,1383236,104000,3715
2601,P,1386951,104040,137
2602,P,1387088,104080,348
2603,P,1387436,104120,242
2604,P,1387678,104160,429
2605,P,1388107,104200,401
2606,P,1388508,104240,277
2607,P,1388785,104280,418
2608,P,1389203,104320,373
2609,P,1389576,104360,493
2610,P,1390069,104400,355
2611,P,1390424,104440,440
2612,P,1390864,104480,322
2613,P,1391186,104520,248
2614,P,1391434,104560,230
2615,P,1391664,104600,61
2616,P,1391725,104640,262
2617,P,1391987,104680,60
2618,P,1392047,104720,254
2619,P,1392301,104760,56
2620,P,1392357,104800,282
2621,P,1392639,104840,57
2622,P,1392696,104880,198
2623,P,1392894,104920,273
2624,P,1393167,104960,58
2625,P,1393225,105000,43
2626,P,1393268,105040,50
2627,P,1393318,105080,46
2628,P,1393364,105120,46
2629,P,1393410,105160,45
2630,P,1393455,105200,86
2631,P,1393541,105240,55
2632,P,1393596,105280,46
2633,P,1393642,105320,36
2634,P,1393678,105360,46
2635,P,1393724,105400,41
2636,P,1393765,105440,191
2637,P,1393956,105480,44
2638,P,1394000,105520,46
2639,P,1394046,105560,38
2640,P,1394084,105600,74
2641,P,1394158,105640,58
2642,P,1394216,105680,47
2643,P,1394263,105720,36
2644,P,1394299,105760,43
2645,P,1394342,105800,40
2646,P,1394382,105840,30
2647,P,1394412,105880,43
2648,P,1394455,105920,39
2649,P,1394494,105960,38
2650,I,1394532,106000,4819
2651,P,1399351,106040,70
2652,P,1399421,106080,55
2653,P,1399476,106120,46
2654,P,1399522,106160,71
2655,P,1399593,106200,54
2656,P,1399647,106240,47
2657,P,1399694,106280,59
2658,P,1399753,106320,58
2659,P,1399811,106360,53
2660,P,1399864,106400,76
2661,P,1399940,106440,56
2662,P,1399996,106480,49
2663,P,1400045,106520,47
2664,P,1400092,106560,52
2665,P,1400144,106600,48
2666,P,1400192,106640,34
2667,P,1400226,106680,46
2668,P,1400272,106720,63
2669,P,1400335,106760,53
2670,P,1400388,106800,79
2671,P,1400467,106840,55
2672,P,1400522,106880,46
2673,P,1400568,106920,37
2674,P,1400605,106960,48
2675,P,1400653,107000,43
2676,P,1400696,107040,35
2677,P,1400731,107080,41
2678,P,1400772,107120,46
2679,P,1400818,107160,43
2680,P,1400861,107200,77
2681,P,1400938,107240,50
2682,P,1400988,107280,44
2683,P,1401032,107320,37
2684,P,1401069,107360,44
2685,P,1401113,107400,42
2686,P,1401155,107440,39
2687,P,1401194,107480,45
2688,P,1401239,107520,47
2689,P,1401286,107560,42
2690,P,1401328,107600,66
2691,P,1401394,107640,52
2692,P,1401446,107680,41
2693,P,1401487,107720,44
2694,P,1401531,107760,44
2695,P,1401575,107800,135
2696,P,1401710,107840,35
2697,P,1401745,107880,43
2698,P,1401788,107920,40
2699,P,1401828,107960,37
2700,I,1401865,108000,3625
2701,P,1405490,108040,58
2702,P,1405548,108080,54
2703,P,1405602,108120,45
2704,P,1405647,108160,90
2705,P,1405737,108200,53
2706,P,1405790,108240,86
2707,P,1405876,108280,51
2708,P,1405927,108320,1052
2709,P,1406979,108360,424
2710,P,1407403,108400,353
2711,P,1407756,108440,316
2712,P,1408072,108480,285
2713,P,1408357,108520,294
2714,P,1408651,108560,334
2715,P,1408985,108600,314
2716,P,1409299,108640,312
2717,P,1409611,108680,309
2718,P,1409920,108720,314
2719,P,1410234,108760,293
2720,P,1410527,108800,282
2721,P,1410809,108840,272
2722,P,1411081,108880,268
2723,P,1411349,108920,257
2724,P,1411606,108960,268
2725,P,1411874,109000,265
2726,P,1412139,109040,261
2727,P,1412400,109080,276
2728,P,1412676,109120,255
2729,P,1412931,109160,264
2730,P,1413195,109200,295
2731,P,1413490,109240,303
2732,P,1413793,109280,257
2733,P,1414050,109320,256
2734,P,1414306,109360,267
2735,P,1414573,109400,270
2736,P,1414843,109440,268
2737,P,1415111,109480,275
2738,P,1415386,109520,262
2739,P,1415648,109560,276
2740,P,1415924,109600,329
2741,P,1416253,109640,262
2742,P,1416515,109680,223
2743,P,1416738,109720,221
2744,P,1416959,109760,239
2745,P,1417198,109800,226
2746,P,1417424,109840,190
2747,P,1417614,109880,191
2748,P,1417805,109920,131
2749,P,1417936,109960,138
2750,I,1418074,110000,1644
2751,P,1419718,110040,190
2752,P,1419908,110080,221
2753,P,1420129,110120,182
2754,P,1420311,110160,229
2755,P,1420540,110200,217
2756,P,1420757,110240,217
2757,P,1420974,110280,68
2758,P,1421042,110320,3195
2759,P,1424237,110360,999
2760,P,1425236,110400,965
2761,P,1426201,110440,928
2762,P,1427129,110480,736
2763,P,1427865,110520,554
2764,P,1428419,110560,689
2765,P,1429108,110600,812
2766,P,1429920,110640,719
2767,P,1430639,110680,845
2768,P,1431484,110720,752
2769,P,1432236,110760,967
2770,P,1433203,110800,969
2771,P,1434172,110840,1135
2772,P,1435307,110880,1000
2773,P,1436307,110920,1022
2774,P,1437329,110960,1229
2775,P,1438558,111000,1122
2776,P,1439680,111040,1089
2777,P,1440769,111080,1007
2778,P,1441776,111120,1138
2779,P,1442914,111160,1068
2780,P,1443982,111200,1196
2781,P,1445178,111240,693
2782,P,1445871,111280,843
2783,P,1446714,111320,873
2784,P,1447587,111360,1056
2785,P,1448643,111400,885
2786,P,1449528,111440,695
2787,P,1450223,111480,614
2788,P,1450837,111520,4003
2789,P,1454840,111560,746
2790,P,1455586,111600,911
2791,P,1456497,111640,901
2792,P,1457398,111680,944
2793,P,1458342,111720,876
2794,P,1459218,111760,794
2795,P,1460012,111800,768
2796,P,1460780,111840,683
2797,P,1461463,111880,698
2798,P,1462161,111920,645
2799,P,1462806,111960,566
2800,I,1463372,112000,4877
2801,P,1468249,112040,851
2802,P,1469100,112080,1016
2803,P,1470116,112120,1015
2804,P,1471131,112160,1065
2805,P,1472196,112200,1059
2806,P,1473255,112240,1132
2807,P,1474387,112280,1065
2808,P,1475452,112320,1002
2809,P,1476454,112360,843
2810,P,1477297,112400,790
2811,P,1478087,112440,679
2812,P,1478766,112480,612
2813,P,1479378,112520,633
2814,P,1480011,112560,1712
2815,P,1481723,112600,228
2816,P,1481951,112640,377
2817,P,1482328,112680,449
2818,P,1482777,112720,406
2819,P,1483183,112760,379
2820,P,1483562,112800,408
2821,P,1483970,112840,466
2822,P,1484436,112880,419
2823,P,1484855,112920,416
2824,P,1485271,112960,480
2825,P,1485751,113000,465
2826,P,1486216,113040,399
2827,P,1486615,113080,452
2828,P,1487067,113120,441
2829,P,1487508,113160,426
2830,P,1487934,113200,434
2831,P,1488368,113240,420
2832,P,1488788,113280,423
2833,P,1489211,113320,313
2834,P,1489524,113360,316
2835,P,1489840,113400,390
2836,P,1490230,113440,288
2837,P,1490518,113480,376
2838,P,1490894,113520,326
2839,P,1491220,113560,418
2840,P,1491638,113600,434
2841,P,1492072,113640,434
2842,P,1492506,113680,420
2843,P,1492926,113720,389
2844,P,1493315,113760,437
2845,P,1493752,113800,385
2846,P,1494137,113840,367
2847,P,1494504,113880,370
2848,P,1494874,113920,271
2849,P,1495145,113960,269
2850,I,1495414,114000,2074
2851,P,1497488,114040,376
2852,P,1497864,114080,547
2853,P,1498411,114120,531
2854,P,1498942,114160,439
2855,P,1499381,114200,418
2856,P,1499799,114240,421
2857,P,1500220,114280,416
2858,P,1500636,114320,450
2859,P,1501086,114360,377
2860,P,1501463,114400,315
2861,P,1501778,114440,369
2862,P,1502147,114480,381
2863,P,1502528,114520,336
2864,P,1502864,114560,525
2865,P,1503389,114600,400
2866,P,1503789,114640,383
2867,P,1504172,114680,306
2868,P,1504478,114720,246
2869,P,1504724,114760,2463
2870,P,1507187,114800,196
2871,P,1507383,114840,159
2872,P,1507542,114880,163
2873,P,1507705,114920,227
2874,P,1507932,114960,229
2875,P,1508161,115000,209
2876,P,1508370,115040,236
2877,P,1508606,115080,214
2878,P,1508820,115120,304
2879,P,1509124,115160,253
2880,P,1509377,115200,256
2881,P,1509633,115240,235
2882,P,1509868,115280,247
2883,P,1510115,115320,326
2884,P,1510441,115360,241
2885,P,1510682,115400,234
2886,P,1510916,115440,218
2887,P,1511134,115480,188
2888,P,1511322,115520,271
2889,P,1511593,115560,186
2890,P,1511779,115600,222
2891,P,1512001,115640,202
2892,P,1512203,115680,178
2893,P,1512381,115720,215
2894,P,1512596,115760,307
2895,P,1512903,115800,159
2896,P,1513062,115840,145
2897,P,1513207,115880,132
2898,P,1513339,115920,182
2899,P,1513521,115960,103
2900,I,1513624,116000,3242
2901,P,1516866,116040,227
2902,P,1517093,116080,487
2903,P,1517580,116120,366
2904,P,1517946,116160,462
2905,P,1518408,116200,459
2906,P,1518867,116240,499
2907,P,1519366,116280,857
2908,P,1520223,116320,722
2909,P,1520945,116360,790
2910,P,1521735,116400,843
2911,P,1522578,116440,654
2912,P,1523232,116480,752
2913,P,1523984,116520,631
2914,P,1524615,116560,600
2915,P,1525215,116600,568
2916,P,1525783,116640,631
2917,P,1526414,116680,862
2918,P,1527276,116720,638
2919,P,1527914,116760,693
2920,P,1528607,116800,634
2921,P,1529241,116840,633
2922,P,1529874,116880,859
2923,P,1530733,116920,526
2924,P,1531259,116960,477
2925,P,1531736,117000,455
2926,P,1532191,117040,2836
2927,P,1535027,117080,175
2928,P,1535202,117120,185
2929,P,1535387,117160,192
2930,P,1535579,117200,346
2931,P,1535925,117240,237
2932,P,1536162,117280,258
2933,P,1536420,117320,249
2934,P,1536669,117360,231
2935,P,1536900,117400,274
2936,P,1537174,117440,209
2937,P,1537383,117480,212
2938,P,1537595,117520,226
2939,P,1537821,117560,190
2940,P,1538011,117600,242
2941,P,1538253,117640,209
2942,P,1538462,117680,232
2943,P,1538694,117720,202
2944,P,1538896,117760,228
2945,P,1539124,117800,345
2946,P,1539469,117840,251
2947,P,1539720,117880,240
2948,P,1539960,117920,189
2949,P,1540149,117960,126
2950,I,1540275,118000,3088
2951,P,1543363,118040,133
2952,P,1543496,118080,86
2953,P,1543582,118120,99
2954,P,1543681,118160,128
2955,P,1543809,118200,1364
2956,P,1545173,118240,67
2957,P,1545240,118280,229
2958,P,1545469,118320,183
2959,P,1545652,118360,204
2960,P,1545856,118400,227
2961,P,1546083,118440,231
2962,P,1546314,118480,408
2963,P,1546722,118520,204
2964,P,1546926,118560,189
2965,P,1547115,118600,248
2966,P,1547363,118640,196
2967,P,1547559,118680,298
2968,P,1547857,118720,200
2969,P,1548057,118760,234
2970,P,1548291,118800,172
2971,P,1548463,118840,221
2972,P,1548684,118880,225
2973,P,1548909,118920,250
2974,P,1549159,118960,227
2975,P,1549386,119000,146
2976,P,1549532,119040,267
2977,P,1549799,119080,202
2978,P,1550001,119120,166
2979,P,1550167,119160,256
2980,P,1550423,119200,170
2981,P,1550593,119240,202
2982,P,1550795,119280,217
2983,P,1551012,119320,205
2984,P,1551217,119360,179
2985,P,1551396,119400,231
2986,P,1551627,119440,176
2987,P,1551803,119480,193
2988,P,1551996,119520,111
2989,P,1552107,119560,266
2990,P,1552373,119600,105
2991,P,1552478,119640,204
2992,P,1552682,119680,121
2993,P,1552803,119720,159
2994,P,1552962,119760,97
2995,P,1553059,119800,142
2996,P,1553201,119840,49
2997,P,1553250,119880,105
2998,P,1553355,119920,70
2999,P,1553425,119960,27
3000,I,1553452,120000,2005
3001,P,1555457,120040,36
3002,P,1555493,120080,114
3003,P,1555607,120120,208
3004,P,1555815,120160,214
3005,P,1556029,120200,228
3006,P,1556257,120240,182
3007,P,1556439,120280,261
3008,P,1556700,120320,198
3009,P,1556898,120360,184
3010,P,1557082,120400,209
3011,P,1557291,120440,162
3012,P,1557453,120480,266
3013,P,1557719,120520,204
3014,P,1557923,120560,128
3015,P,1558051,120600,213
3016,P,1558264,120640,168
3017,P,1558432,120680,194
3018,P,1558626,120720,218
3019,P,1558844,120760,168
3020,P,1559012,120800,135
3021,P,1559147,120840,210
3022,P,1559357,120880,103
3023,P,1559460,120920,153
3024,P,1559613,120960,80
3025,P,1559693,121000,118
3026,P,1559811,121040,49
3027,P,1559860,121080,30
3028,P,1559890,121120,2234
3029,P,1562124,121160,47
3030,P,1562171,121200,246
3031,P,1562417,121240,248
3032,P,1562665,121280,210
3033,P,1562875,121320,274
3034,P,1563149,121360,256
3035,P,1563405,121400,283
3036,P,1563688,121440,308
3037,P,1563996,121480,158
3038,P,1564154,121520,230
3039,P,1564384,121560,388
3040,P,1564772,121600,251
3041,P,1565023,121640,238
3042,P,1565261,121680,253
3043,P,1565514,121720,206
3044,P,1565720,121760,261
3045,P,1565981,121800,35
3046,P,1566016,121840,230
3047,P,1566246,121880,196
3048,P,1566442,121920,173
3049,P,1566615,121960,118
3050,I,1566733,122000,2700
3051,P,1569433,122040,262
3052,P,1569695,122080,287
3053,P,1569982,122120,385
3054,P,1570367,122160,53
3055,P,1570420,122200,333
3056,P,1570753,122240,392
3057,P,1571145,122280,336
3058,P,1571481,122320,321
3059,P,1571802,122360,401
3060,P,1572203,122400,330
3061,P,1572533,122440,406
3062,P,1572939,122480,36
3063,P,1572975,122520,291
3064,P,1573266,122560,268
3065,P,1573534,122600,355
3066,P,1573889,122640,277
3067,P,1574166,122680,385
3068,P,1574551,122720,310
3069,P,1574861,122760,305
3070,P,1575166,122800,410
3071,P,1575576,122840,55
3072,P,1575631,122880,277
3073,P,1575908,122920,522
3074,P,1576430,122960,331
3075,P,1576761,123000,373
3076,P,1577134,123040,394
3077,P,1577528,123080,430
3078,P,1577958,123120,535
3079,P,1578493,123160,40
3080,P,1578533,123200,412
3081,P,1578945,123240,468
3082,P,1579413,123280,534
3083,P,1579947,123320,432
3084,P,1580379,123360,541
3085,P,1580920,123400,355
3086,P,1581275,123440,420
3087,P,1581695,123480,419
3088,P,1582114,123520,36
3089,P,1582150,123560,301
3090,P,1582451,123600,361
3091,P,1582812,123640,457
3092,P,1583269,123680,303
3093,P,1583572,123720,440
3094,P,1584012,123760,298
3095,P,1584310,123800,332
3096,P,1584642,123840,31
3097,P,1584673,123880,254
3098,P,1584927,123920,179
3099,P,1585106,123960,206
3100,I,1585312,124000,2594
3101,P,1587906,124040,288
3102,P,1588194,124080,402
3103,P,1588596,124120,290
3104,P,1588886,124160,473
3105,P,1589359,124200,47
3106,P,1589406,124240,297
3107,P,1589703,124280,370
3108,P,1590073,124320,408
3109,P,1590481,124360,381
3110,P,1590862,124400,482
3111,P,1591344,124440,395
3112,P,1591739,124480,371
3113,P,1592110,124520,30
3114,P,1592140,124560,481
3115,P,1592621,124600,380
3116,P,1593001,124640,424
3117,P,1593425,124680,376
3118,P,1593801,124720,430
3119,P,1594231,124760,513
3120,P,1594744,124800,378
3121,P,1595122,124840,51
3122,P,1595173,124880,469
3123,P,1595642,124920,364
3124,P,1596006,124960,425
3125,P,1596431,125000,491
3126,P,1596922,125040,377
3127,P,1597299,125080,475
3128,P,1597774,125120,382
3129,P,1598156,125160,350
3130,P,1598506,125200,41
3131,P,1598547,125240,437
3132,P,1598984,125280,395
3133,P,1599379,125320,474
3134,P,1599853,125360,351
3135,P,1600204,125400,372
3136,P,1600576,125440,417
3137,P,1600993,125480,330
3138,P,1601323,125520,38
3139,P,1601361,125560,343
3140,P,1601704,125600,353
3141,P,1602057,125640,336
3142,P,1602393,125680,512
3143,P,1602905,125720,293
3144,P,1603198,125760,418
3145,P,1603616,125800,296
3146,P,1603912,125840,273
3147,P,1604185,125880,45
3148,P,1604230,125920,237
3149,P,1604467,125960,176
3150,I,1604643,126000,2395
3151,P,1607038,126040,254
3152,P,1607292,126080,367
3153,P,1607659,126120,434
3154,P,1608093,126160,435
3155,P,1608528,126200,40
3156,P,1608568,126240,518
3157,P,1609086,126280,398
3158,P,1609484,126320,388
3159,P,1609872,126360,381
3160,P,1610253,126400,279
3161,P,1610532,126440,338
3162,P,1610870,126480,330
3163,P,1611200,126520,361
3164,P,1611561,126560,37
3165,P,1611598,126600,482
3166,P,1612080,126640,347
3167,P,1612427,126680,622
3168,P,1613049,126720,534
3169,P,1613583,126760,543
3170,P,1614126,126800,661
3171,P,1614787,126840,597
3172,P,1615384,126880,49
3173,P,1615433,126920,583
3174,P,1616016,126960,529
3175,P,1616545,127000,528
3176,P,1617073,127040,632
3177,P,1617705,127080,362
3178,P,1618067,127120,516
3179,P,1618583,127160,423
3180,P,1619006,127200,510
3181,P,1619516,127240,58
3182,P,1619574,127280,441
3183,P,1620015,127320,368
3184,P,1620383,127360,477
3185,P,1620860,127400,490
3186,P,1621350,127440,482
3187,P,1621832,127480,517
3188,P,1622349,127520,433
3189,P,1622782,127560,51
3190,P,1622833,127600,349
3191,P,1623182,127640,434
3192,P,1623616,127680,263
3193,P,1623879,127720,347
3194,P,1624226,127760,298
3195,P,1624524,127800,243
3196,P,1624767,127840,225
3197,P,1624992,127880,40
3198,P,1625032,127920,102
3199,P,1625134,127960,117
3200,I,1625251,128000,2821
3201,P,1628072,128040,168
3202,P,1628240,128080,359
3203,P,1628599,128120,263
3204,P,1628862,128160,295
3205,P,1629157,128200,265
3206,P,1629422,128240,153
3207,P,1629575,128280,289
3208,P,1629864,128320,309
3209,P,1630173,128360,335
3210,P,1630508,128400,332
3211,P,1630840,128440,283
3212,P,1631123,128480,276
3213,P,1631399,128520,252
3214,P,1631651,128560,290
3215,P,1631941,128600,248
3216,P,1632189,128640,286
3217,P,1632475,128680,322
3218,P,1632797,128720,341
3219,P,1633138,128760,344
3220,P,1633482,128800,406
3221,P,1633888,128840,400
3222,P,1634288,128880,448
3223,P,1634736,128920,423
3224,P,1635159,128960,108
3225,P,1635267,129000,81
3226,P,1635348,129040,76
3227,P,1635424,129080,90
3228,P,1635514,129120,144
3229,P,1635658,129160,185
3230,P,1635843,129200,177
3231,P,1636020,129240,221
3232,P,1636241,129280,371
3233,P,1636612,129320,462
3234,P,1637074,129360,350
3235,P,1637424,129400,65
3236,P,1637489,129440,54
3237,P,1637543,129480,37
3238,P,1637580,129520,40
3239,P,1637620,129560,27
3240,P,1637647,129600,52
3241,P,1637699,129640,46
3242,P,1637745,129680,35
3243,P,1637780,129720,29
3244,P,1637809,129760,38
3245,P,1637847,129800,29
3246,P,1637876,129840,26
3247,P,1637902,129880,31
3248,P,1637933,129920,32
3249,P,1637965,129960,32
3250,I,1637997,130000,1183
3251,P,1639180,130040,37
3252,P,1639217,130080,27
3253,P,1639244,130120,23
3254,P,1639267,130160,32
3255,P,1639299,130200,25
3256,P,1639324,130240,22
3257,P,1639346,130280,34
3258,P,1639380,130320,33
3259,P,1639413,130360,32
3260,P,1639445,130400,31
3261,P,1639476,130440,37
3262,P,1639513,130480,32
3263,P,1639545,130520,27
3264,P,1639572,130560,31
3265,P,1639603,130600,40
3266,P,1639643,130640,28
3267,P,1639671,130680,35
3268,P,1639706,130720,30
3269,P,1639736,130760,29
3270,P,1639765,130800,44
3271,P,1639809,130840,33
3272,P,1639842,130880,37
3273,P,1639879,130920,28
3274,P,1639907,130960,88
3275,P,1639995,131000,197
3276,P,1640192,131040,264
3277,P,1640456,131080,275
3278,P,1640731,131120,134
3279,P,1640865,131160,213
3280,P,1641078,131200,162
3281,P,1641240,131240,175
3282,P,1641415,131280,129
3283,P,1641544,131320,90
3284,P,1641634,131360,97
3285,P,1641731,131400,87
3286,P,1641818,131440,90
3287,P,1641908,131480,96
3288,P,1642004,131520,89
3289,P,1642093,131560,85
